1245.941859,-233.41,-233.41
1246.008723,-233.38,-233.38
1246.074641,-233.38,-233.38
1246.14416,-233.41,-233.41
1246.210078,-233.36,-233.36
1246.278651,-233.41,-233.41
1246.346766,-233.38,-233.38
1246.414241,-233.41,-233.41
1246.482142,-233.38,-233.38
1246.549129,-233.41,-233.41
1246.617305,-233.38,-233.38
1246.685512,-233.38,-233.38
1246.752711,-233.38,-233.38
1246.820827,-233.41,-233.41
1246.888637,-233.38,-233.38
1246.956019,-233.38,-233.38
1247.024135,-233.38,-233.38
1247.09225,-233.38,-233.38
1247.16067,-233.41,-233.41
1247.227077,-233.41,-233.41
1247.29565,-233.38,-233.38
1247.363765,-233.41,-233.41
1247.431178,-233.38,-233.38
1247.498866,-233.38,-233.38
1247.567348,-233.38,-233.38
1247.634944,-233.38,-233.38
1247.703639,-233.38,-233.38
1247.770381,-233.38,-233.38
1247.838069,-233.38,-233.38
1247.906062,-233.38,-233.38
1247.97375,-233.38,-233.38
1248.041041,-233.41,-233.41
1248.110438,-233.38,-233.38
1248.17773,-233.38,-233.38
1248.245296,-233.41,-233.41
1248.312862,-233.38,-233.38
1248.38177,-233.38,-233.38
1248.448207,-233.38,-233.38
1248.516353,-233.38,-233.38
1248.584743,-233.41,-233.41
1248.652156,-233.38,-233.38
1248.719752,-233.38,-233.38
1248.78799,-233.38,-233.38
1248.855495,-233.38,-233.38
1248.924342,-233.38,-233.38
1248.990596,-233.38,-233.38
1249.061092,-233.38,-233.38
1249.127162,-233.41,-233.41
1249.19427,-233.38,-233.38
1249.26205,-233.38,-233.38
1249.32931,-233.38,-233.38
1249.397578,-233.41,-233.41
1249.465785,-233.38,-233.38
1249.533137,-233.38,-233.38
1249.601771,-233.38,-233.38
1249.668239,-233.38,-233.38
1249.736629,-233.41,-233.41
1249.804011,-233.38,-233.38
1249.8735,-233.38,-233.38
1249.94015,-233.38,-233.38
1250.008082,-233.38,-233.38
1250.076045,-233.38,-233.38
1250.144282,-233.38,-233.38
1250.211299,-233.38,-233.38
1250.279445,-233.38,-233.38
1250.346919,-233.41,-233.41
1250.415309,-233.38,-233.38
1250.483455,-233.38,-233.38
1250.550716,-233.38,-233.38
1250.61877,-233.41,-233.41
1250.686549,-233.38,-233.38
1250.754298,-233.38,-233.38
1250.822078,-233.41,-233.41
1250.889308,-233.36,-233.36
1250.95782,-233.38,-233.38
1251.025539,-233.38,-233.38
1251.09286,-233.38,-233.38
1251.161403,-233.38,-233.38
1251.228908,-233.38,-233.38
1251.296535,-233.38,-233.38
1251.364284,-233.38,-233.38
1251.435176,-233.41,-233.41
1251.500819,-233.38,-233.38
1251.56808,-233.38,-233.38
1251.635738,-233.41,-233.41
1251.703181,-233.38,-233.38
1251.771388,-233.41,-233.41
1251.838466,-233.38,-233.38
1251.907252,-233.38,-233.38
1251.974788,-233.38,-233.38
1252.043391,-233.38,-233.38
1252.111232,-233.38,-233.38
1252.178493,-233.38,-233.38
1252.245448,-233.38,-233.38
1252.313441,-233.38,-233.38
1252.380855,-233.38,-233.38
1252.449763,-233.38,-233.38
1252.517696,-233.41,-233.41
1252.584834,-233.38,-233.38
1252.653133,-233.38,-233.38
1252.721004,-233.41,-233.41
1252.788234,-233.38,-233.38
1252.856624,-233.38,-233.38
1252.923762,-233.41,-233.41
1252.923762,30000
1252.992,-233.41,-233.41
1253.059199,-233.23,-233.23
1253.127772,-232.57,-232.57
1253.195491,-232.37,-232.37
1253.263057,-231.56,-231.56
1253.331508,-230.57,-230.57
1253.398982,-229.87,-229.87
1253.46667,-229.08,-229.08
1253.534114,-227.82,-227.82
1253.603633,-226.55,-226.55
1253.669581,-225.01,-225.01
1253.737727,-223.6,-223.6
1253.805263,-222.42,-222.42
1253.873317,-221.16,-221.16
1253.941402,-219.89,-219.89
1254.009212,-219.1,-219.1
1254.077418,-218.79,-218.79
1254.144191,-218.66,-218.66
1254.212459,-218.59,-218.59
1254.281276,-218.55,-218.55
1254.347652,-218.55,-218.55
1254.415614,-218.53,-218.53
1254.483852,-218.5,-218.5
1254.551631,-218.53,-218.53
1254.619685,-218.53,-218.53
1254.68716,-218.53,-218.53
1254.754878,-218.53,-218.53
1254.821803,-218.53,-218.53
1254.891719,-218.5,-218.5
1254.958064,-218.5,-218.5
1255.025752,-218.48,-218.48
1255.094081,-218.48,-218.48
1255.163325,-218.46,-218.46
1255.230037,-218.46,-218.46
1255.297298,-218.48,-218.48
1255.36584,-218.48,-218.48
1255.432796,-218.48,-218.48
1255.502132,-218.46,-218.46
1255.568538,-218.44,-218.44
1255.6365,-218.44,-218.44
1255.704677,-218.42,-218.42
1255.772334,-218.44,-218.44
1255.839839,-218.42,-218.42
1255.908259,-218.42,-218.42
1255.975856,-218.39,-218.39
1256.04391,-218.42,-218.42
1256.111476,-218.37,-218.37
1256.179225,-218.35,-218.35
1256.24673,-218.35,-218.35
1256.314723,-218.33,-218.33
1256.383266,-218.33,-218.33
1256.450404,-218.33,-218.33
1256.518123,-218.31,-218.31
1256.585658,-218.31,-218.31
1256.65478,-218.28,-218.28
1256.722438,-218.26,-218.26
1256.78976,-218.26,-218.26
1256.856685,-218.26,-218.26
1256.924953,-218.24,-218.24
1256.992549,-218.22,-218.22
1257.060481,-218.22,-218.22
1257.128779,-218.22,-218.22
1257.196651,-218.2,-218.2
1257.264766,-218.17,-218.17
1257.331874,-218.2,-218.2
1257.400783,-218.17,-218.17
1257.467708,-218.15,-218.15
1257.534907,-218.15,-218.15
1257.60348,-218.15,-218.15
1257.671107,-218.13,-218.13
1257.739162,-218.11,-218.11
1257.80685,-218.11,-218.11
1257.875331,-218.09,-218.09
1257.943385,-218.09,-218.09
1258.009395,-218.06,-218.06
1258.077968,-218.06,-218.06
1258.146175,-218.06,-218.06
1258.214717,-218.04,-218.04
1258.282771,-218.02,-218.02
1258.348811,-218,-218
1258.417445,-218,-218
1258.48553,-218,-218
1258.552089,-217.98,-217.98
1258.61996,-217.98,-217.98
1258.688563,-217.95,-217.95
1258.755672,-217.95,-217.95
1258.823482,-217.93,-217.93
1258.892085,-217.91,-217.91
1258.960078,-217.91,-217.91
1259.027736,-217.91,-217.91
1259.095515,-217.89,-217.89
1259.164577,-217.89,-217.89
1259.230952,-217.87,-217.87
1259.298884,-217.87,-217.87
1259.365474,-217.84,-217.84
1259.434413,-217.84,-217.84
1259.503108,-217.82,-217.82
1259.569423,-217.82,-217.82
1259.637233,-217.78,-217.78
1259.706935,-217.8,-217.8
1259.773219,-217.78,-217.78
1259.84167,-217.76,-217.76
1259.908076,-217.76,-217.76
1259.976802,-217.73,-217.73
1260.043635,-217.71,-217.71
1260.112269,-217.73,-217.73
1260.179744,-217.71,-217.71
1260.248134,-217.69,-217.69
1260.315669,-217.67,-217.67
1260.384456,-217.67,-217.67
1260.451564,-217.67,-217.67
1260.51971,-217.67,-217.67
1260.58697,-217.65,-217.65
1260.655574,-217.65,-217.65
1260.723262,-217.65,-217.65
1260.79037,-217.62,-217.62
1260.857875,-217.65,-217.65
1260.926875,-217.6,-217.6
1260.993953,-217.65,-217.65
1261.061671,-217.62,-217.62
1261.129542,-217.6,-217.6
1261.197627,-217.62,-217.62
1261.265376,-217.62,-217.62
1261.333339,-217.6,-217.6
1261.402064,-217.6,-217.6
1261.468532,-217.6,-217.6
1261.536464,-217.6,-217.6
1261.604457,-217.62,-217.62
1261.672786,-217.58,-217.58
1261.672786,-30000
1261.739711,-217.6,-217.6
1261.807216,-217.78,-217.78
1261.8753,-218.81,-218.81
1261.943385,-220.17,-220.17
1262.010768,-221.23,-221.23
1262.078487,-222.33,-222.33
1262.146663,-223.36,-223.36
1262.214809,-224.55,-224.55
1262.282313,-225.84,-225.84
1262.350307,-227.14,-227.14
1262.417781,-228.39,-228.39
1262.486232,-229.49,-229.49
1262.553798,-230.46,-230.46
1262.622188,-231.41,-231.41
1262.689052,-232.31,-232.31
1262.756892,-233.01,-233.01
1262.825374,-233.27,-233.27
1262.892573,-233.36,-233.36
1262.960445,-233.41,-233.41
1263.028468,-233.41,-233.41
1263.096156,-233.41,-233.41
1263.163539,-233.43,-233.43
1263.231654,-233.41,-233.41
1263.300258,-233.43,-233.43
1263.367244,-233.43,-233.43
1263.434932,-233.43,-233.43
1263.503749,-233.43,-233.43
1263.570644,-233.43,-233.43
1263.638881,-233.43,-233.43
1263.706264,-233.43,-233.43
1263.773738,-233.43,-233.43
1263.842952,-233.43,-233.43
1263.910091,-233.43,-233.43
1263.977595,-233.41,-233.41
1264.045436,-233.43,-233.43
1264.113521,-233.43,-233.43
1264.181361,-233.43,-233.43
1264.248927,-233.43,-233.43
1264.318721,-233.43,-233.43
1264.384517,-233.43,-233.43
1264.452266,-233.41,-233.41
1264.520625,-233.41,-233.41
1264.588222,-233.41,-233.41
1264.656795,-233.43,-233.43
1264.72314,-233.43,-233.43
1264.791194,-233.41,-233.41
1264.859096,-233.43,-233.43
1264.926631,-233.43,-233.43
1264.994563,-233.43,-233.43
1265.061793,-233.43,-233.43
1265.130611,-233.43,-233.43
1265.198054,-233.41,-233.41
1265.265773,-233.43,-233.43
1265.3334,-233.43,-233.43
1265.401942,-233.43,-233.43
1265.469081,-233.41,-233.41
1265.537471,-233.43,-233.43
1265.605098,-233.43,-233.43
1265.67419,-233.43,-233.43
1265.741115,-233.43,-233.43
1265.808436,-233.43,-233.43
1265.87646,-233.41,-233.41
1265.944514,-233.43,-233.43
1266.011897,-233.43,-233.43
1266.079768,-233.43,-233.43
1266.147731,-233.43,-233.43
1266.215449,-233.43,-233.43
1266.284694,-233.43,-233.43
1266.351527,-233.45,-233.45
1266.419795,-233.41,-233.41
1266.485774,-233.43,-233.43
1266.554561,-233.43,-233.43
1266.622706,-233.41,-233.41
1266.690211,-233.43,-233.43
1266.757869,-233.43,-233.43
1266.825801,-233.43,-233.43
1266.89413,-233.43,-233.43
1266.962184,-233.43,-233.43
1267.029506,-233.43,-233.43
1267.096858,-233.43,-233.43
1267.164943,-233.43,-233.43
1267.232722,-233.43,-233.43
1267.301417,-233.43,-233.43
1267.369838,-233.43,-233.43
1267.435451,-233.43,-233.43
1267.435451,30000
1267.50439,-233.41,-233.41
1267.571803,-233.36,-233.36
1267.6394,-232.7,-232.7
1267.707149,-232.55,-232.55
1267.775294,-231.71,-231.71
1267.842952,-230.66,-230.66
1267.911159,-229.67,-229.67
1267.978541,-228.92,-228.92
1268.046046,-228.09,-228.09
1268.114131,-226.77,-226.77
1268.182735,-225.27,-225.27
1268.249751,-223.87,-223.87
1268.317348,-222.66,-222.66
1268.385951,-221.49,-221.49
1268.453181,-220.15,-220.15
1268.521693,-219.23,-219.23
1268.588374,-218.92,-218.92
1268.656612,-218.75,-218.75
1268.724788,-218.68,-218.68
1268.792506,-218.61,-218.61
1268.860652,-218.61,-218.61
1268.928462,-218.59,-218.59
1268.995601,-218.59,-218.59
1269.064571,-218.57,-218.57
1269.130824,-218.57,-218.57
1269.199336,-218.57,-218.57
1269.267177,-218.59,-218.59
1269.3352,-218.57,-218.57
1269.403163,-218.57,-218.57
1269.470149,-218.57,-218.57
1269.5386,-218.55,-218.55
1269.60638,-218.55,-218.55
1269.674617,-218.55,-218.55
1269.742335,-218.57,-218.57
1269.809596,-218.55,-218.55
1269.877284,-218.55,-218.55
1269.945216,-218.53,-218.53
1270.012874,-218.53,-218.53
1270.080897,-218.53,-218.53
1270.149409,-218.53,-218.53
1270.216823,-218.53,-218.53
1270.284511,-218.53,-218.53
1270.351894,-218.5,-218.5
1270.423152,-218.53,-218.53
1270.487727,-218.5,-218.5
1270.55511,-218.5,-218.5
1270.623836,-218.5,-218.5
1270.690578,-218.5,-218.5
1270.758357,-218.5,-218.5
1270.827327,-218.48,-218.48
1270.894313,-218.46,-218.46
1270.963283,-218.48,-218.48
1271.030635,-218.48,-218.48
1271.098292,-218.48,-218.48
1271.16537,-218.46,-218.46
1271.233699,-218.46,-218.46
1271.301326,-218.46,-218.46
1271.369105,-218.46,-218.46
1271.436885,-218.46,-218.46
1271.505916,-218.46,-218.46
1271.573176,-218.46,-218.46
1271.64059,-218.48,-218.48
1271.70779,-218.46,-218.46
1271.77621,-218.48,-218.48
1271.843745,-218.46,-218.46
1271.912257,-218.48,-218.48
1271.979304,-218.46,-218.46
1272.047938,-218.46,-218.46
1272.115718,-218.46,-218.46
1272.184413,-218.46,-218.46
1272.25088,-218.46,-218.46
1272.319118,-218.44,-218.44
1272.38586,-218.42,-218.42
1272.454402,-218.44,-218.44
1272.454402,-30000
1272.52209,-218.42,-218.42
1272.589381,-218.44,-218.44
1272.657985,-219.43,-219.43
1272.726527,-220.42,-220.42
1272.793056,-221.58,-221.58
1272.860957,-222.61,-222.61
1272.928493,-223.67,-223.67
1272.996821,-224.86,-224.86
1273.063869,-226.13,-226.13
1273.132197,-227.43,-227.43
1273.199977,-228.64,-228.64
1273.268123,-229.71,-229.71
1273.336085,-230.7,-230.7
1273.404567,-231.63,-231.63
1273.47195,-232.5,-232.5
1273.539394,-233.12,-233.12
1273.606959,-233.32,-233.32
1273.675441,-233.43,-233.43
1273.743709,-233.43,-233.43
1273.80984,-233.43,-233.43
1273.878322,-233.47,-233.47
1273.946681,-233.45,-233.45
1274.013881,-233.45,-233.45
1274.082881,-233.45,-233.45
1274.149806,-233.43,-233.43
1274.21786,-233.47,-233.47
1274.285182,-233.45,-233.45
1274.352473,-233.45,-233.45
1274.42126,-233.45,-233.45
1274.488032,-233.45,-233.45
1274.556605,-233.47,-233.47
1274.623897,-233.45,-233.45
1274.691676,-233.47,-233.47
1274.760432,-233.45,-233.45
1274.827205,-233.45,-233.45
1274.895076,-233.45,-233.45
1274.963344,-233.47,-233.47
1275.03155,-233.45,-233.45
1275.099605,-233.45,-233.45
1275.166255,-233.45,-233.45
1275.234553,-233.47,-233.47
1275.302425,-233.45,-233.45
1275.369929,-233.45,-233.45
1275.438624,-233.45,-233.45
1275.506251,-233.45,-233.45
1275.57336,-233.45,-233.45
1275.641597,-233.45,-233.45
1275.709163,-233.45,-233.45
1275.77679,-233.45,-233.45
1275.847438,-233.45,-233.45
1275.912685,-233.47,-233.47
1275.980556,-233.45,-233.45
1276.048518,-233.45,-233.45
1276.116267,-233.45,-233.45
1276.183406,-233.45,-233.45
1276.251186,-233.45,-233.45
1276.320827,-233.47,-233.47
1276.387172,-233.45,-233.45
1276.455257,-233.45,-233.45
1276.523982,-233.45,-233.45
1276.590022,-233.45,-233.45
1276.659297,-233.45,-233.45
1276.726955,-233.45,-233.45
1276.794337,-233.45,-233.45
1276.86114,-233.45,-233.45
1276.930568,-233.45,-233.45
1276.930568,30000
1276.997554,-233.45,-233.45
1277.065394,-233.43,-233.43
1277.132564,-233.01,-233.01
1277.201747,-232.31,-232.31
1277.269252,-232.04,-232.04
1277.336146,-231.14,-231.14
1277.405727,-229.89,-229.89
1277.472468,-229.03,-229.03
1277.540584,-228.28,-228.28
1277.608211,-227.19,-227.19
1277.67657,-225.69,-225.69
1277.743068,-224.22,-224.22
1277.811366,-223.03,-223.03
1277.880397,-221.87,-221.87
1277.947139,-220.59,-220.59
1278.014888,-219.45,-219.45
1278.081782,-218.92,-218.92
1278.150935,-218.7,-218.7
1278.218349,-218.64,-218.64
1278.285853,-218.57,-218.57
1278.353755,-218.53,-218.53
1278.422114,-218.53,-218.53
1278.489345,-218.5,-218.5
1278.557307,-218.53,-218.53
1278.62469,-218.53,-218.53
1278.693629,-218.5,-218.5
1278.761439,-218.5,-218.5
1278.828242,-218.53,-218.53
1278.896693,-218.5,-218.5
1278.963985,-218.5,-218.5
1279.031673,-218.5,-218.5
1279.100001,-218.48,-218.48
1279.167628,-218.53,-218.53
1279.235835,-218.5,-218.5
1279.304561,-218.53,-218.53
1279.37112,-218.48,-218.48
1279.439845,-218.5,-218.5
1279.505916,-218.5,-218.5
1279.575069,-218.48,-218.48
1279.642573,-218.48,-218.48
1279.710353,-218.5,-218.5
1279.777278,-218.5,-218.5
1279.846278,-218.5,-218.5
1279.913722,-218.48,-218.48
1279.981898,-218.48,-218.48
1280.049922,-218.48,-218.48
1280.116878,-218.48,-218.48
1280.184627,-218.48,-218.48
1280.252101,-218.48,-218.48
1280.320247,-218.48,-218.48
1280.387782,-218.48,-218.48
1280.456264,-218.48,-218.48
1280.525325,-218.48,-218.48
1280.592067,-218.46,-218.46
1280.661738,-218.48,-218.48
1280.727748,-218.46,-218.46
1280.794673,-218.48,-218.48
1280.86288,-218.46,-218.46
1280.930965,-218.48,-218.48
1280.998927,-218.46,-218.46
1281.066371,-218.46,-218.46
1281.134364,-218.46,-218.46
1281.202754,-218.46,-218.46
1281.269466,-218.48,-218.48
1281.336879,-218.48,-218.48
1281.405238,-218.48,-218.48
1281.472896,-218.48,-218.48
1281.540919,-218.46,-218.46
1281.609187,-218.46,-218.46
1281.677058,-218.48,-218.48
1281.745174,-218.48,-218.48
1281.812373,-218.48,-218.48
1281.880702,-218.46,-218.46
1281.947902,-218.48,-218.48
1281.947902,-30000
1282.01562,-218.46,-218.46
1282.084621,-218.48,-218.48
1282.151515,-218.94,-218.94
1282.219264,-220.06,-220.06
1282.28683,-221.16,-221.16
1282.354488,-222.26,-222.26
1282.423549,-223.34,-223.34
1282.490291,-224.53,-224.53
1282.558498,-225.8,-225.8
1282.627223,-227.1,-227.1
1282.694575,-228.33,-228.33
1282.762355,-229.43,-229.43
1282.829738,-230.42,-230.42
1282.897914,-231.36,-231.36
1282.965327,-232.33,-232.33
1283.033351,-233.03,-233.03
1283.100825,-233.32,-233.32
1283.168483,-233.41,-233.41
1283.236262,-233.43,-233.43
1283.30508,-233.45,-233.45
1283.371913,-233.45,-233.45
1283.44012,-233.45,-233.45
1283.506892,-233.47,-233.47
1283.575435,-233.47,-233.47
1283.643062,-233.45,-233.45
1283.710994,-233.47,-233.47
1283.77859,-233.47,-233.47
1283.84695,-233.45,-233.45
1283.91476,-233.45,-233.45
1283.982814,-233.47,-233.47
1284.049861,-233.47,-233.47
1284.118465,-233.45,-233.45
1284.186885,-233.45,-233.45
1284.253444,-233.45,-233.45
1284.321864,-233.47,-233.47
1284.389705,-233.45,-233.45
1284.457576,-233.47,-233.47
1284.524379,-233.45,-233.45
1284.592525,-233.47,-233.47
1284.661555,-233.45,-233.45
1284.728725,-233.47,-233.47
1284.796199,-233.47,-233.47
1284.864406,-233.47,-233.47
1284.931911,-233.47,-233.47
1285.000087,-233.47,-233.47
1285.067561,-233.45,-233.45
1285.135066,-233.47,-233.47
1285.204616,-233.47,-233.47
1285.271175,-233.47,-233.47
1285.338466,-233.47,-233.47
1285.406367,-233.47,-233.47
