904814252.4,3.01,-1.25
904814252.4,3.01,-1.24
904814252.5,3.01,-1.23
904814252.5,3.03,-1.22
904814252.5,3.05,-1.22
904814252.5,3.06,-1.23
904814252.5,3.06,-1.23
904814252.6,3.06,-1.23
904814252.6,3.04,-1.23
904814252.6,3.02,-1.24
904814252.6,3.01,-1.23
904814252.6,3.01,-1.23
904814252.7,3.01,-1.23
904814252.7,3.03,-1.23
904814252.7,3.03,-1.22
904814252.7,3.04,-1.22
904814252.7,3.05,-1.22
904814252.8,3.05,-1.22
904814252.8,3.04,-1.21
904814252.8,3.04,-1.22
904814252.8,3.03,-1.24
904814252.8,3.03,-1.24
904814252.9,3.03,-1.25
904814252.9,3.04,-1.24
904814252.9,3.04,-1.23
904814252.9,3.03,-1.23
904814252.9,3.03,-1.23
904814253,3.04,-1.23
904814253,3.06,-1.22
904814253,3.06,-1.21
904814253,3.06,-1.2
904814253,3.06,-1.2
904814253.1,3.05,-1.22
904814253.1,3.04,-1.24
904814253.1,3.03,-1.24
904814253.1,3.03,-1.25
904814253.1,3.02,-1.24
904814253.2,3.02,-1.23
904814253.2,3.03,-1.22
904814253.2,3.04,-1.22
904814253.2,3.05,-1.21
904814253.2,3.05,-1.21
904814253.3,3.05,-1.21
904814253.3,3.05,-1.21
904814253.3,3.05,-1.2
904814253.3,3.04,-1.2
904814253.3,3.04,-1.2
904814253.4,3.04,-1.2
904814253.4,3.04,-1.21
904814253.4,3.04,-1.21
904814253.4,3.04,-1.21
904814253.4,3.05,-1.21
904814253.5,3.05,-1.2
904814253.5,3.04,-1.19
904814253.5,3.05,-1.19
904814253.5,3.05,-1.2
904814253.5,3.05,-1.2
904814253.6,3.05,-1.2
904814253.6,3.04,-1.21
904814253.6,3.04,-1.22
904814253.6,3.04,-1.24
904814253.6,3.03,-1.24
904814253.7,3.04,-1.23
904814253.7,3.04,-1.23
904814253.7,3.04,-1.22
904814253.7,3.05,-1.22
904814253.7,3.05,-1.23
904814253.8,3.05,-1.23
904814253.8,3.06,-1.23
904814253.8,3.05,-1.23
904814253.8,3.05,-1.22
904814253.8,3.05,-1.21
904814253.9,3.03,-1.21
904814253.9,3.03,-1.21
904814253.9,3.03,-1.22
904814253.9,3.05,-1.23
904814253.9,3.06,-1.23
904814254,3.06,-1.22
904814254,3.05,-1.21
904814254,3.04,-1.2
904814254,3.03,-1.19
904814254,3.04,-1.2
904814254.1,3.05,-1.21
904814254.1,3.05,-1.22
904814254.1,3.05,-1.23
904814254.1,3.05,-1.23
904814254.1,3.05,-1.22
904814254.2,3.05,-1.22
904814254.2,3.05,-1.21
904814254.2,3.05,-1.2
904814254.2,3.05,-1.2
904814254.2,3.04,-1.22
904814254.3,3.04,-1.22
904814254.3,3.04,-1.23
904814254.3,3.03,-1.22
904814254.3,3.03,-1.22
904814254.3,3.03,-1.22
904814254.4,3.03,-1.22
904814254.4,3.04,-1.23
904814254.4,3.04,-1.23
904814254.4,3.04,-1.23
904814254.4,3.04,-1.23
904814254.5,3.05,-1.22
904814254.5,3.05,-1.22
904814254.5,3.05,-1.22
904814254.5,3.05,-1.22
904814254.5,3.05,-1.23
904814254.6,3.04,-1.23
904814254.6,3.03,-1.24
904814254.6,3.03,-1.23
904814254.6,3.02,-1.23
904814254.6,3.03,-1.22
904814254.7,3.04,-1.22
904814254.7,3.04,-1.22
904814254.7,3.05,-1.23
904814254.7,3.05,-1.23
904814254.7,3.05,-1.23
904814254.8,3.05,-1.23
904814254.8,3.05,-1.22
904814254.8,3.04,-1.22
904814254.8,3.03,-1.22
904814254.8,3.02,-1.21
904814254.9,3.03,-1.21
904814254.9,3.03,-1.22
904814254.9,3.03,-1.22
904814254.9,3.03,-1.22
904814254.9,3.04,-1.22
904814255,3.05,-1.22
904814255,3.06,-1.22
904814255,3.06,-1.23
904814255,3.06,-1.22
904814255,3.06,-1.22
904814255.1,3.05,-1.22
904814255.1,3.06,-1.23
904814255.1,3.06,-1.23
904814255.1,3.06,-1.23
904814255.1,3.05,-1.22
904814255.2,3.05,-1.23
904814255.2,3.05,-1.22
904814255.2,3.04,-1.22
904814255.2,3.04,-1.22
904814255.2,3.03,-1.22
904814255.3,3.03,-1.23
904814255.3,3.03,-1.23
904814255.3,3.03,-1.23
904814255.3,3.03,-1.23
904814255.3,3.04,-1.24
904814255.4,3.03,-1.24
904814255.4,3.03,-1.24
904814255.4,3.03,-1.23
904814255.4,3.03,-1.23
904814255.4,3.03,-1.22
904814255.5,3.04,-1.22
904814255.5,3.05,-1.23
904814255.5,3.05,-1.23
904814255.5,3.05,-1.23
904814255.5,3.05,-1.23
904814255.6,3.04,-1.23
904814255.6,3.04,-1.23
904814255.6,3.04,-1.22
904814255.6,3.03,-1.22
904814255.6,3.03,-1.21
904814255.7,3.02,-1.21
904814255.7,3.03,-1.21
904814255.7,3.04,-1.22
904814255.7,3.05,-1.22
904814255.7,3.05,-1.22
904814255.8,3.05,-1.22
904814255.8,3.05,-1.23
904814255.8,3.04,-1.22
904814255.8,3.04,-1.22
904814255.8,3.03,-1.22
904814255.9,3.04,-1.22
904814255.9,3.04,-1.21
904814255.9,3.03,-1.21
904814255.9,3.03,-1.21
904814255.9,3.03,-1.21
904814256,3.03,-1.21
904814256,3.05,-1.22
904814256,3.05,-1.22
904814256,3.04,-1.22
904814256,3.03,-1.22
904814256.1,3.02,-1.22
904814256.1,3.02,-1.22
904814256.1,3.03,-1.23
904814256.1,3.04,-1.24
904814256.1,3.04,-1.23
904814256.2,3.05,-1.23
904814256.2,3.04,-1.23
904814256.2,3.04,-1.23
904814256.2,3.04,-1.23
904814256.2,3.04,-1.23
904814256.3,3.03,-1.23
904814256.3,3.04,-1.22
904814256.3,3.03,-1.21
904814256.3,3.03,-1.21
904814256.3,3.03,-1.22
904814256.4,3.03,-1.24
904814256.4,3.02,-1.24
904814256.4,3.03,-1.24
904814256.4,3.03,-1.24
904814256.4,3.03,-1.24
904814256.5,3.03,-1.24
904814256.5,3.03,-1.24
904814256.5,3.03,-1.24
904814256.5,3.03,-1.24
904814256.5,3.04,-1.24
904814256.6,3.05,-1.24
904814256.6,3.05,-1.24
904814256.6,3.05,-1.25
904814256.6,3.05,-1.25
904814256.6,3.04,-1.25
904814256.7,3.04,-1.25
904814256.7,3.05,-1.25
904814256.7,3.05,-1.23
904814256.7,3.05,-1.22
904814256.7,3.04,-1.22
904814256.8,3.04,-1.22
904814256.8,3.04,-1.22
904814256.8,3.05,-1.21
904814256.8,3.05,-1.21
904814256.8,3.05,-1.22
904814256.9,3.05,-1.22
904814256.9,3.04,-1.24
904814256.9,3.04,-1.24
904814256.9,3.03,-1.24
904814256.9,3.03,-1.24
904814257,3.03,-1.24
904814257,3.03,-1.24
904814257,3.04,-1.25
904814257,3.05,-1.25
904814257,3.05,-1.24
904814257.1,3.04,-1.23
904814257.1,3.04,-1.21
904814257.1,3.03,-1.2
904814257.1,3.03,-1.21
904814257.1,3.04,-1.22
904814257.2,3.05,-1.24
904814257.2,3.04,-1.24
904814257.2,3.03,-1.24
904814257.2,3.03,-1.24
904814257.2,3.04,-1.23
904814257.3,3.03,-1.22
904814257.3,3.03,-1.22
904814257.3,3.03,-1.22
904814257.3,3.03,-1.23
904814257.3,3.02,-1.23
904814257.4,3.03,-1.24
904814257.4,3.04,-1.24
904814257.4,3.05,-1.25
904814257.4,3.05,-1.24
904814257.4,3.06,-1.24
904814257.5,3.06,-1.23
904814257.5,3.06,-1.22
904814257.5,3.05,-1.23
904814257.5,3.03,-1.23
904814257.5,3.02,-1.23
904814257.6,3.02,-1.23
904814257.6,3.03,-1.24
904814257.6,3.03,-1.24
904814257.6,3.03,-1.24
904814257.6,3.03,-1.24
904814257.7,3.03,-1.24
904814257.7,3.04,-1.24
904814257.7,3.04,-1.24
904814257.7,3.04,-1.24
904814257.7,3.04,-1.23
904814257.8,3.03,-1.22
904814257.8,3.03,-1.22
904814257.8,3.02,-1.22
904814257.8,3.03,-1.21
904814257.8,3.03,-1.21
904814257.9,3.03,-1.22
904814257.9,3.03,-1.22
904814257.9,3.03,-1.22
904814257.9,3.04,-1.23
904814257.9,3.05,-1.23
904814258,3.05,-1.24
904814258,3.05,-1.25
904814258,3.04,-1.25
904814258,3.04,-1.24
904814258,3.05,-1.23
904814258.1,3.05,-1.23
904814258.1,3.05,-1.22
904814258.1,3.05,-1.22
904814258.1,3.05,-1.22
904814258.1,3.05,-1.23
904814258.2,3.05,-1.23
904814258.2,3.05,-1.24
904814258.2,3.04,-1.24
904814258.2,3.03,-1.24
904814258.2,3.03,-1.24
904814258.3,3.04,-1.23
904814258.3,3.04,-1.23
904814258.3,3.04,-1.23
904814258.3,3.04,-1.23
904814258.3,3.04,-1.22
904814258.4,3.04,-1.22
904814258.4,3.04,-1.21
904814258.4,3.04,-1.21
904814258.4,3.04,-1.22
904814258.4,3.04,-1.22
904814258.5,3.02,-1.23
904814258.5,3.01,-1.23
904814258.5,3.01,-1.23
904814258.5,3.01,-1.23
904814258.5,3.02,-1.24
904814258.6,3.03,-1.23
904814258.6,3.04,-1.23
904814258.6,3.05,-1.23
904814258.6,3.05,-1.23
904814258.6,3.05,-1.24
904814258.7,3.05,-1.24
904814258.7,3.04,-1.24
904814258.7,3.03,-1.24
904814258.7,3.03,-1.24
904814258.7,3.04,-1.24
904814258.8,3.04,-1.24
904814258.8,3.04,-1.24
904814258.8,3.04,-1.25
904814258.8,3.04,-1.25
904814258.8,3.04,-1.26
904814258.9,3.04,-1.25
904814258.9,3.04,-1.25
904814258.9,3.04,-1.24
904814258.9,3.03,-1.24
904814258.9,3.03,-1.23
904814259,3.03,-1.22
904814259,3.03,-1.22
904814259,3.04,-1.21
904814259,3.04,-1.21
904814259,3.04,-1.22
904814259.1,3.05,-1.23
904814259.1,3.05,-1.23
904814259.1,3.05,-1.24
904814259.1,3.04,-1.24
904814259.1,3.04,-1.24
904814259.2,3.03,-1.24
904814259.2,3.04,-1.24
904814259.2,3.04,-1.23
904814259.2,3.04,-1.23
904814259.2,3.04,-1.23
904814259.3,3.05,-1.23
904814259.3,3.05,-1.23
904814259.3,3.04,-1.22
904814259.3,3.04,-1.22
904814259.3,3.04,-1.22
904814259.4,3.05,-1.23
904814259.4,3.06,-1.23
904814259.4,3.06,-1.24
904814259.4,3.05,-1.23
904814259.4,3.05,-1.24
904814259.5,3.04,-1.23
904814259.5,3.04,-1.24
904814259.5,3.04,-1.24
904814259.5,3.05,-1.25
904814259.5,3.05,-1.25
904814259.6,3.06,-1.25
904814259.6,3.06,-1.24
904814259.6,3.06,-1.24
904814259.6,3.06,-1.24
904814259.6,3.05,-1.23
904814259.7,3.04,-1.24
904814259.7,3.04,-1.24
904814259.7,3.04,-1.25
904814259.7,3.04,-1.25
904814259.7,3.05,-1.25
904814259.8,3.05,-1.25
904814259.8,3.05,-1.25
904814259.8,3.05,-1.24
904814259.8,3.05,-1.23
904814259.8,3.05,-1.23
904814259.9,3.05,-1.24
904814259.9,3.04,-1.24
904814259.9,3.03,-1.24
904814259.9,3.02,-1.24
904814259.9,3.03,-1.23
904814260,3.04,-1.23
904814260,3.04,-1.23
904814260,3.05,-1.23
904814260,3.05,-1.23
904814260,3.06,-1.23
904814260.1,3.07,-1.22
904814260.1,3.07,-1.22
904814260.1,3.06,-1.23
904814260.1,3.05,-1.23
904814260.1,3.04,-1.22
904814260.2,3.04,-1.22
904814260.2,3.03,-1.22
904814260.2,3.04,-1.22
904814260.2,3.04,-1.22
904814260.2,3.04,-1.22
904814260.3,3.05,-1.23
904814260.3,3.05,-1.23
904814260.3,3.05,-1.23
904814260.3,3.05,-1.22
904814260.3,3.05,-1.23
904814260.4,3.06,-1.23
904814260.4,3.06,-1.23
904814260.4,3.06,-1.22
904814260.4,3.05,-1.23
904814260.4,3.05,-1.22
904814260.5,3.05,-1.23
904814260.5,3.06,-1.22
904814260.5,3.06,-1.22
904814260.5,3.05,-1.21
904814260.5,3.05,-1.2
904814260.6,3.05,-1.2
904814260.6,3.04,-1.21
904814260.6,3.05,-1.21
904814260.6,3.05,-1.22
904814260.6,3.06,-1.22
904814260.7,3.06,-1.22
904814260.7,3.06,-1.22
904814260.7,3.05,-1.22
904814260.7,3.05,-1.22
904814260.7,3.04,-1.22
904814260.8,3.04,-1.22
904814260.8,3.04,-1.21
904814260.8,3.04,-1.22
904814260.8,3.04,-1.22
904814260.8,3.04,-1.23
904814260.9,3.04,-1.23
904814260.9,3.05,-1.23
904814260.9,3.06,-1.23
904814260.9,3.06,-1.23
904814260.9,3.06,-1.22
904814261,3.04,-1.22
904814261,3.04,-1.22
904814261,3.04,-1.21
904814261,3.05,-1.21
904814261,3.06,-1.21
904814261.1,3.07,-1.22
904814261.1,3.07,-1.23
904814261.1,3.06,-1.23
904814261.1,3.05,-1.23
904814261.1,3.03,-1.23
904814261.2,3.03,-1.23
904814261.2,3.03,-1.24
904814261.2,3.04,-1.24
904814261.2,3.05,-1.24
904814261.2,3.06,-1.23
904814261.3,3.06,-1.23
904814261.3,3.07,-1.23
904814261.3,3.07,-1.23
904814261.3,3.06,-1.24
904814261.3,3.06,-1.23
904814261.4,3.05,-1.23
904814261.4,3.05,-1.23
904814261.4,3.06,-1.23
904814261.4,3.05,-1.23
904814261.4,3.05,-1.24
904814261.5,3.04,-1.24
904814261.5,3.04,-1.24
904814261.5,3.05,-1.23
904814261.5,3.06,-1.22
904814261.5,3.06,-1.22
904814261.6,3.05,-1.22
904814261.6,3.05,-1.22
904814261.6,3.05,-1.22
904814261.6,3.05,-1.22
904814261.6,3.05,-1.21
904814261.7,3.05,-1.21
904814261.7,3.05,-1.21
904814261.7,3.04,-1.21
904814261.7,3.03,-1.2
904814261.7,3.02,-1.2
904814261.8,3.02,-1.19
904814261.8,3.02,-1.21
904814261.8,3.03,-1.21
904814261.8,3.03,-1.21
904814261.8,3.04,-1.21
904814261.9,3.04,-1.21
904814261.9,3.04,-1.21
904814261.9,3.04,-1.22
904814261.9,3.04,-1.22
904814261.9,3.05,-1.22
904814262,3.05,-1.22
904814262,3.05,-1.22
904814262,3.05,-1.22
904814262,3.05,-1.22
904814262,3.04,-1.21
904814262.1,3.05,-1.22
904814262.1,3.04,-1.23
904814262.1,3.05,-1.23
904814262.1,3.05,-1.23
904814262.1,3.05,-1.23
904814262.2,3.05,-1.23
904814262.2,3.04,-1.22
904814262.2,3.04,-1.21
904814262.2,3.04,-1.21
904814262.2,3.05,-1.21
904814262.3,3.05,-1.22
904814262.3,3.05,-1.23
904814262.3,3.06,-1.23
904814262.3,3.05,-1.23
904814262.3,3.04,-1.22
904814262.4,3.04,-1.22
904814262.4,3.03,-1.23
904814262.4,3.03,-1.23
904814262.4,3.03,-1.24
904814262.4,3.03,-1.23
904814262.5,3.03,-1.22
904814262.5,3.03,-1.22
904814262.5,3.03,-1.21
904814262.5,3.04,-1.21
904814262.5,3.05,-1.22
904814262.6,3.05,-1.23
904814262.6,3.06,-1.23
904814262.6,3.06,-1.23
904814262.6,3.05,-1.24
904814262.6,3.04,-1.24
904814262.7,3.03,-1.24
904814262.7,3.03,-1.24
904814262.7,3.02,-1.23
904814262.7,3.01,-1.22
904814262.7,3.01,-1.21
904814262.8,3.03,-1.21
904814262.8,3.04,-1.22
904814262.8,3.06,-1.24
904814262.8,3.07,-1.25
904814262.8,3.06,-1.24
904814262.9,3.05,-1.24
904814262.9,3.04,-1.24
904814262.9,3.03,-1.24
904814262.9,3.03,-1.25
904814262.9,3.03,-1.25
904814263,3.03,-1.24
904814263,3.03,-1.23
904814263,3.04,-1.22
904814263,3.04,-1.21
904814263,3.04,-1.21
904814263.1,3.04,-1.21
904814263.1,3.04,-1.22
904814263.1,3.04,-1.22
904814263.1,3.04,-1.22
904814263.1,3.03,-1.22
904814263.2,3.03,-1.23
904814263.2,3.03,-1.23
904814263.2,3.03,-1.24
904814263.2,3.03,-1.25
904814263.2,3.02,-1.25
904814263.3,3.02,-1.25
904814263.3,3.03,-1.24
904814263.3,3.03,-1.24
904814263.3,3.03,-1.24
904814263.3,3.03,-1.23
904814263.4,3.03,-1.23
904814263.4,3.02,-1.22
904814263.4,3.01,-1.22
904814263.4,3.02,-1.22
904814263.4,3.03,-1.23
904814263.5,3.04,-1.24
904814263.5,3.04,-1.25
904814263.5,3.05,-1.24
904814263.5,3.06,-1.23
904814263.5,3.06,-1.23
904814263.6,3.05,-1.22
904814263.6,3.06,-1.23
904814263.6,3.04,-1.23
904814263.6,3.04,-1.23
904814263.6,3.04,-1.23
904814263.7,3.04,-1.24
904814263.7,3.03,-1.24
904814263.7,3.04,-1.24
904814263.7,3.05,-1.25
904814263.7,3.06,-1.25
904814263.8,3.06,-1.24
904814263.8,3.05,-1.24
904814263.8,3.04,-1.23
904814263.8,3.03,-1.23
904814263.8,3.02,-1.22
904814263.9,3.01,-1.23
904814263.9,3.01,-1.23
904814263.9,3.01,-1.22
904814263.9,3.02,-1.22
904814263.9,3.03,-1.22
904814264,3.04,-1.22
904814264,3.05,-1.22
904814264,3.06,-1.22
904814264,3.06,-1.23
904814264,3.06,-1.23
904814264.1,3.05,-1.24
904814264.1,3.05,-1.24
904814264.1,3.04,-1.23
904814264.1,3.05,-1.23
904814264.1,3.05,-1.23
904814264.2,3.05,-1.23
904814264.2,3.04,-1.23
904814264.2,3.03,-1.23
904814264.2,3.03,-1.22
904814264.2,3.04,-1.22
904814264.3,3.04,-1.22
904814264.3,3.04,-1.23
904814264.3,3.04,-1.23
904814264.3,3.05,-1.23
904814264.3,3.05,-1.22
904814264.4,3.05,-1.23
904814264.4,3.05,-1.23
904814264.4,3.05,-1.23
904814264.4,3.05,-1.22
904814264.4,3.05,-1.22
904814264.5,3.05,-1.22
904814264.5,3.05,-1.21
904814264.5,3.05,-1.21
904814264.5,3.05,-1.22
904814264.5,3.05,-1.23
904814264.6,3.05,-1.23
904814264.6,3.05,-1.22
904814264.6,3.05,-1.22
904814264.6,3.04,-1.22
904814264.6,3.05,-1.22
904814264.7,3.04,-1.22
904814264.7,3.04,-1.22
904814264.7,3.04,-1.23
904814264.7,3.04,-1.24
904814264.7,3.04,-1.24
904814264.8,3.03,-1.23
904814264.8,3.02,-1.21
904814264.8,3.02,-1.2
904814264.8,3.02,-1.2
904814264.8,3.02,-1.21
904814264.9,3.02,-1.22
904814264.9,3.04,-1.24
904814264.9,3.04,-1.24
904814264.9,3.04,-1.25
904814264.9,3.04,-1.24
904814265,3.04,-1.24
904814265,3.05,-1.24
904814265,3.04,-1.23
904814265,3.05,-1.23
904814265,3.05,-1.22
904814265.1,3.05,-1.23
904814265.1,3.05,-1.23
904814265.1,3.05,-1.24
904814265.1,3.05,-1.23
904814265.1,3.05,-1.24
904814265.2,3.06,-1.24
904814265.2,3.06,-1.24
904814265.2,3.06,-1.24
904814265.2,3.05,-1.23
904814265.2,3.04,-1.22
904814265.3,3.03,-1.21
904814265.3,3.03,-1.21
904814265.3,3.02,-1.22
904814265.3,3.03,-1.23
904814265.3,3.03,-1.24
904814265.4,3.04,-1.25
904814265.4,3.05,-1.24
904814265.4,3.06,-1.23
904814265.4,3.06,-1.22
904814265.4,3.06,-1.22
904814265.5,3.05,-1.21
904814265.5,3.06,-1.22
904814265.5,3.05,-1.22
904814265.5,3.05,-1.22
904814265.5,3.05,-1.21
904814265.6,3.04,-1.21
904814265.6,3.04,-1.22
904814265.6,3.04,-1.23
904814265.6,3.04,-1.23
904814265.6,3.04,-1.24
904814265.7,3.05,-1.22
904814265.7,3.05,-1.22
904814265.7,3.05,-1.22
904814265.7,3.06,-1.22
904814265.7,3.06,-1.22
904814265.8,3.05,-1.22
904814265.8,3.05,-1.22
904814265.8,3.04,-1.22
904814265.8,3.04,-1.22
904814265.8,3.03,-1.22
904814265.9,3.03,-1.22
904814265.9,3.04,-1.22
904814265.9,3.05,-1.22
904814265.9,3.05,-1.22
904814265.9,3.05,-1.22
904814266,3.05,-1.22
904814266,3.03,-1.21
904814266,3.03,-1.21
904814266,3.04,-1.21
904814266,3.05,-1.22
904814266.1,3.05,-1.23
904814266.1,3.06,-1.23
904814266.1,3.06,-1.24
904814266.1,3.05,-1.24
904814266.1,3.05,-1.23
904814266.2,3.05,-1.22
904814266.2,3.05,-1.22
904814266.2,3.06,-1.22
904814266.2,3.05,-1.21
904814266.2,3.05,-1.21
904814266.3,3.04,-1.21
904814266.3,3.04,-1.21
904814266.3,3.03,-1.21
904814266.3,3.04,-1.22
904814266.3,3.04,-1.22
904814266.4,3.06,-1.22
904814266.4,3.06,-1.22
904814266.4,3.06,-1.22
904814266.4,3.05,-1.22
904814266.4,3.04,-1.22
904814266.5,3.03,-1.22
904814266.5,3.03,-1.23
904814266.5,3.02,-1.23
904814266.5,3.03,-1.23
904814266.5,3.03,-1.22
904814266.6,3.03,-1.22
904814266.6,3.04,-1.22
904814266.6,3.05,-1.22
904814266.6,3.05,-1.22
904814266.6,3.05,-1.22
904814266.7,3.05,-1.23
904814266.7,3.05,-1.23
904814266.7,3.06,-1.24
904814266.7,3.05,-1.24
904814266.7,3.05,-1.23
904814266.8,3.05,-1.22
904814266.8,3.04,-1.22
904814266.8,3.05,-1.22
904814266.8,3.06,-1.23
904814266.8,3.07,-1.23
904814266.9,3.07,-1.23
904814266.9,3.07,-1.23
904814266.9,3.06,-1.23
904814266.9,3.06,-1.22
904814266.9,3.06,-1.21
904814267,3.06,-1.21
904814267,3.05,-1.21
904814267,3.04,-1.21
904814267,3.02,-1.21
904814267,3.02,-1.21
904814267.1,3.02,-1.22
904814267.1,3.03,-1.22
904814267.1,3.03,-1.22
904814267.1,3.04,-1.21
904814267.1,3.04,-1.21
904814267.2,3.04,-1.2
904814267.2,3.04,-1.2
904814267.2,3.04,-1.2
904814267.2,3.04,-1.2
904814267.2,3.04,-1.2
904814267.3,3.03,-1.2
904814267.3,3.04,-1.21
904814267.3,3.03,-1.22
904814267.3,3.04,-1.22
904814267.3,3.04,-1.22
904814267.4,3.05,-1.23
904814267.4,3.05,-1.23
904814267.4,3.06,-1.23
904814267.4,3.06,-1.24
904814267.4,3.05,-1.23
904814267.5,3.04,-1.23
904814267.5,3.03,-1.22
904814267.5,3.03,-1.21
904814267.5,3.03,-1.21
904814267.5,3.04,-1.21
904814267.6,3.03,-1.22
904814267.6,3.03,-1.23
904814267.6,3.03,-1.24
904814267.6,3.04,-1.25
904814267.6,3.04,-1.24
904814267.7,3.05,-1.25
904814267.7,3.06,-1.24
904814267.7,3.05,-1.24
904814267.7,3.05,-1.23
904814267.7,3.04,-1.23
904814267.8,3.05,-1.22
904814267.8,3.04,-1.22
904814267.8,3.04,-1.22
904814267.8,3.04,-1.23
904814267.8,3.04,-1.23
904814267.9,3.03,-1.23
904814267.9,3.03,-1.23
904814267.9,3.04,-1.23
904814267.9,3.04,-1.23
904814267.9,3.04,-1.24
904814268,3.04,-1.24
904814268,3.04,-1.23
904814268,3.03,-1.23
904814268,3.04,-1.22
904814268,3.04,-1.22
904814268.1,3.05,-1.22
904814268.1,3.05,-1.23
904814268.1,3.03,-1.23
904814268.1,3.03,-1.23
904814268.1,3.03,-1.23
904814268.2,3.04,-1.23
904814268.2,3.05,-1.23
904814268.2,3.05,-1.23
904814268.2,3.05,-1.23
904814268.2,3.04,-1.22
904814268.3,3.03,-1.22
904814268.3,3.02,-1.22
904814268.3,3.03,-1.22
904814268.3,3.04,-1.22
904814268.3,3.04,-1.23
904814268.4,3.06,-1.24
904814268.4,3.06,-1.24
904814268.4,3.06,-1.24
904814268.4,3.06,-1.23
904814268.4,3.06,-1.22
904814268.5,3.06,-1.22
904814268.5,3.06,-1.22
904814268.5,3.07,-1.21
904814268.5,3.06,-1.21
904814268.5,3.06,-1.22
904814268.6,3.05,-1.22
904814268.6,3.05,-1.23
904814268.6,3.06,-1.24
904814268.6,3.06,-1.24
904814268.6,3.06,-1.24
904814268.7,3.06,-1.24
904814268.7,3.06,-1.24
904814268.7,3.06,-1.23
904814268.7,3.05,-1.23
904814268.7,3.05,-1.22
904814268.8,3.06,-1.22
904814268.8,3.06,-1.22
904814268.8,3.05,-1.22
904814268.8,3.05,-1.22
904814268.8,3.05,-1.21
904814268.9,3.05,-1.21
904814268.9,3.04,-1.22
904814268.9,3.04,-1.23
904814268.9,3.04,-1.24
904814268.9,3.04,-1.25
904814269,3.04,-1.25
904814269,3.04,-1.24
904814269,3.04,-1.23
904814269,3.04,-1.22
904814269,3.04,-1.22
904814269.1,3.04,-1.22
904814269.1,3.04,-1.22
904814269.1,3.04,-1.22
904814269.1,3.04,-1.22
904814269.1,3.04,-1.23
904814269.2,3.03,-1.23
904814269.2,3.04,-1.23
904814269.2,3.04,-1.23
904814269.2,3.05,-1.23
904814269.2,3.05,-1.23
904814269.3,3.05,-1.23
904814269.3,3.05,-1.23
904814269.3,3.05,-1.23
904814269.3,3.04,-1.23
904814269.3,3.03,-1.22
904814269.4,3.03,-1.23
904814269.4,3.02,-1.24
904814269.4,3.02,-1.24
904814269.4,3.03,-1.24
904814269.4,3.04,-1.23
904814269.5,3.04,-1.23
904814269.5,3.03,-1.23
904814269.5,3.03,-1.24
904814269.5,3.03,-1.24
904814269.5,3.04,-1.24
904814269.6,3.04,-1.24
904814269.6,3.04,-1.24
904814269.6,3.04,-1.24
904814269.6,3.04,-1.24
904814269.6,3.05,-1.24
904814269.7,3.05,-1.23
904814269.7,3.05,-1.22
904814269.7,3.05,-1.22
904814269.7,3.05,-1.22
904814269.7,3.04,-1.21
904814269.8,3.03,-1.21
904814269.8,3.02,-1.21
904814269.8,3.02,-1.22
904814269.8,3.03,-1.23
904814269.8,3.04,-1.23
904814269.9,3.04,-1.23
904814269.9,3.03,-1.22
904814269.9,3.02,-1.22
904814269.9,3.02,-1.22
904814269.9,3.02,-1.23
904814270,3.04,-1.23
904814270,3.04,-1.24
904814270,3.05,-1.24
904814270,3.04,-1.24
904814270,3.04,-1.23
904814270.1,3.04,-1.23
904814270.1,3.04,-1.22
904814270.1,3.04,-1.23
904814270.1,3.03,-1.23
904814270.1,3.02,-1.23
904814270.2,3.03,-1.23
904814270.2,3.03,-1.23
904814270.2,3.04,-1.23
904814270.2,3.04,-1.23
904814270.2,3.04,-1.22
904814270.3,3.04,-1.21
904814270.3,3.04,-1.21
904814270.3,3.03,-1.21
904814270.3,3.04,-1.21
904814270.3,3.03,-1.2
904814270.4,3.03,-1.2
904814270.4,3.03,-1.2
904814270.4,3.04,-1.21
904814270.4,3.04,-1.22
904814270.4,3.03,-1.23
904814270.5,3.03,-1.23
904814270.5,3.03,-1.23
904814270.5,3.04,-1.23
904814270.5,3.04,-1.23
904814270.5,3.04,-1.22
904814270.6,3.02,-1.22
904814270.6,3.02,-1.22
904814270.6,3.03,-1.21
904814270.6,3.03,-1.21
904814270.6,3.04,-1.21
904814270.7,3.04,-1.21
904814270.7,3.04,-1.21
904814270.7,3.05,-1.21
904814270.7,3.05,-1.22
904814270.7,3.05,-1.22
904814270.8,3.05,-1.23
904814270.8,3.06,-1.23
904814270.8,3.06,-1.23
904814270.8,3.06,-1.23
904814270.8,3.05,-1.22
904814270.9,3.04,-1.22
904814270.9,3.04,-1.23
904814270.9,3.04,-1.24
904814270.9,3.03,-1.23
904814270.9,3.03,-1.23
904814271,3.03,-1.22
904814271,3.02,-1.22
904814271,3.02,-1.22
904814271,3.02,-1.22
904814271,3.02,-1.22
904814271.1,3.03,-1.22
904814271.1,3.04,-1.22
904814271.1,3.04,-1.23
904814271.1,3.05,-1.24
904814271.1,3.05,-1.24
904814271.2,3.05,-1.25
904814271.2,3.05,-1.25
904814271.2,3.05,-1.24
904814271.2,3.04,-1.24
904814271.2,3.04,-1.23
904814271.3,3.04,-1.24
904814271.3,3.04,-1.23
904814271.3,3.03,-1.23
904814271.3,3.03,-1.23
904814271.3,3.04,-1.23
904814271.4,3.05,-1.22
904814271.4,3.05,-1.21
904814271.4,3.05,-1.22
904814271.4,3.06,-1.22
904814271.4,3.06,-1.21
904814271.5,3.06,-1.21
904814271.5,3.06,-1.21
904814271.5,3.05,-1.21
904814271.5,3.04,-1.22
904814271.5,3.04,-1.22
904814271.6,3.03,-1.23
904814271.6,3.04,-1.23
904814271.6,3.04,-1.23
904814271.6,3.04,-1.22
904814271.6,3.04,-1.22
904814271.7,3.04,-1.22
904814271.7,3.03,-1.22
904814271.7,3.03,-1.22
904814271.7,3.03,-1.23
904814271.7,3.03,-1.22
904814271.8,3.03,-1.22
904814271.8,3.02,-1.2
904814271.8,3.01,-1.2
904814271.8,3.02,-1.2
904814271.8,3.02,-1.2
904814271.9,3.03,-1.22
904814271.9,3.04,-1.23
904814271.9,3.05,-1.24
904814271.9,3.06,-1.23
904814271.9,3.06,-1.23
904814272,3.06,-1.22
904814272,3.05,-1.22
904814272,3.05,-1.21
904814272,3.04,-1.21
904814272,3.03,-1.2
904814272.1,3.03,-1.21
904814272.1,3.04,-1.22
904814272.1,3.04,-1.23
904814272.1,3.05,-1.23
904814272.1,3.06,-1.24
904814272.2,3.06,-1.23
904814272.2,3.06,-1.23
904814272.2,3.05,-1.23
904814272.2,3.04,-1.23
904814272.2,3.04,-1.22
904814272.3,3.04,-1.22
904814272.3,3.04,-1.22
904814272.3,3.04,-1.23
904814272.3,3.04,-1.23
904814272.3,3.04,-1.22
904814272.4,3.05,-1.22
904814272.4,3.06,-1.22
904814272.4,3.06,-1.23
904814272.4,3.05,-1.23
904814272.4,3.04,-1.23
904814272.5,3.03,-1.22
904814272.5,3.02,-1.22
904814272.5,3.02,-1.22
904814272.5,3.03,-1.23
904814272.5,3.04,-1.24
904814272.6,3.05,-1.23
904814272.6,3.06,-1.23
904814272.6,3.06,-1.23
904814272.6,3.05,-1.23
904814272.6,3.05,-1.23
904814272.7,3.04,-1.23
904814272.7,3.04,-1.23
904814272.7,3.04,-1.22
904814272.7,3.04,-1.23
904814272.7,3.04,-1.23
904814272.8,3.04,-1.22
904814272.8,3.04,-1.22
904814272.8,3.05,-1.22
904814272.8,3.05,-1.22
904814272.8,3.05,-1.22
904814272.9,3.05,-1.22
904814272.9,3.05,-1.22
904814272.9,3.05,-1.22
904814272.9,3.05,-1.23
904814272.9,3.06,-1.24
904814273,3.06,-1.24
904814273,3.04,-1.23
904814273,3.03,-1.23
904814273,3.02,-1.22
904814273,3.02,-1.22
904814273.1,3.02,-1.21
904814273.1,3.03,-1.21
904814273.1,3.03,-1.21
904814273.1,3.03,-1.21
904814273.1,3.03,-1.21
904814273.2,3.04,-1.22
904814273.2,3.04,-1.22
904814273.2,3.05,-1.23
904814273.2,3.06,-1.22
904814273.2,3.06,-1.22
904814273.3,3.05,-1.21
904814273.3,3.05,-1.21
904814273.3,3.04,-1.22
904814273.3,3.04,-1.23
904814273.3,3.05,-1.23
904814273.4,3.04,-1.22
904814273.4,3.04,-1.22
904814273.4,3.04,-1.22
904814273.4,3.03,-1.21
904814273.4,3.03,-1.21
904814273.5,3.04,-1.21
904814273.5,3.04,-1.21
904814273.5,3.04,-1.22
904814273.5,3.05,-1.23
904814273.5,3.05,-1.23
904814273.6,3.05,-1.22
904814273.6,3.05,-1.22
904814273.6,3.05,-1.22
904814273.6,3.05,-1.21
904814273.6,3.05,-1.21
904814273.7,3.05,-1.21
904814273.7,3.05,-1.22
904814273.7,3.05,-1.22
904814273.7,3.04,-1.23
904814273.7,3.05,-1.23
904814273.8,3.05,-1.24
904814273.8,3.04,-1.23
904814273.8,3.04,-1.23
904814273.8,3.03,-1.22
904814273.8,3.04,-1.22
904814273.9,3.04,-1.22
904814273.9,3.04,-1.23
904814273.9,3.04,-1.24
904814273.9,3.04,-1.24
904814273.9,3.04,-1.24
904814274,3.04,-1.23
904814274,3.03,-1.22
904814274,3.03,-1.21
904814274,3.04,-1.21
904814274,3.05,-1.22
904814274.1,3.05,-1.23
904814274.1,3.05,-1.23
904814274.1,3.05,-1.24
904814274.1,3.04,-1.23
904814274.1,3.04,-1.23
904814274.2,3.03,-1.22
904814274.2,3.02,-1.21
904814274.2,3.03,-1.21
904814274.2,3.04,-1.22
904814274.2,3.04,-1.23
904814274.3,3.05,-1.23
904814274.3,3.05,-1.23
904814274.3,3.05,-1.23
904814274.3,3.05,-1.21
904814274.3,3.05,-1.21
904814274.4,3.05,-1.2
904814274.4,3.04,-1.2
904814274.4,3.05,-1.2
904814274.4,3.04,-1.2
904814274.4,3.04,-1.21
904814274.5,3.03,-1.21
904814274.5,3.03,-1.21
904814274.5,3.03,-1.22
904814274.5,3.03,-1.22
904814274.5,3.03,-1.22
904814274.6,3.03,-1.21
904814274.6,3.04,-1.21
904814274.6,3.04,-1.21
904814274.6,3.04,-1.21
904814274.6,3.04,-1.22
904814274.7,3.03,-1.23
904814274.7,3.02,-1.23
904814274.7,3.03,-1.23
904814274.7,3.03,-1.22
904814274.7,3.03,-1.21
904814274.8,3.04,-1.21
904814274.8,3.04,-1.22
904814274.8,3.04,-1.22
904814274.8,3.05,-1.21
904814274.8,3.04,-1.21
904814274.9,3.04,-1.2
904814274.9,3.03,-1.2
904814274.9,3.02,-1.21
904814274.9,3.02,-1.22
904814274.9,3.01,-1.22
904814275,3.01,-1.23
904814275,3.01,-1.23
904814275,3.03,-1.21
904814275,3.03,-1.21
904814275,3.04,-1.21
904814275.1,3.04,-1.21
904814275.1,3.05,-1.22
904814275.1,3.05,-1.23
904814275.1,3.05,-1.23
904814275.1,3.04,-1.24
904814275.2,3.04,-1.24
904814275.2,3.04,-1.24
904814275.2,3.04,-1.24
904814275.2,3.03,-1.22
904814275.2,3.02,-1.22
904814275.3,3.02,-1.21
904814275.3,3.02,-1.21
904814275.3,3.03,-1.21
904814275.3,3.03,-1.21
904814275.3,3.03,-1.21
904814275.4,3.04,-1.21
904814275.4,3.04,-1.21
904814275.4,3.03,-1.22
904814275.4,3.03,-1.23
904814275.4,3.03,-1.22
904814275.5,3.04,-1.22
904814275.5,3.05,-1.22
904814275.5,3.05,-1.22
904814275.5,3.05,-1.21
904814275.5,3.04,-1.21
904814275.6,3.03,-1.21
904814275.6,3.03,-1.21
904814275.6,3.03,-1.21
904814275.6,3.03,-1.22
904814275.6,3.03,-1.22
904814275.7,3.04,-1.22
904814275.7,3.04,-1.22
904814275.7,3.04,-1.22
904814275.7,3.04,-1.22
904814275.7,3.04,-1.22
904814275.8,3.03,-1.22
904814275.8,3.03,-1.23
904814275.8,3.03,-1.24
904814275.8,3.03,-1.23
904814275.8,3.04,-1.23
904814275.9,3.04,-1.23
904814275.9,3.04,-1.23
904814275.9,3.05,-1.22
904814275.9,3.05,-1.22
904814275.9,3.04,-1.22
904814276,3.03,-1.22
904814276,3.03,-1.2
904814276,3.03,-1.2
904814276,3.04,-1.19
904814276,3.05,-1.2
904814276.1,3.04,-1.2
904814276.1,3.04,-1.21
904814276.1,3.04,-1.21
904814276.1,3.03,-1.2
904814276.1,3.03,-1.2
904814276.2,3.03,-1.21
904814276.2,3.04,-1.21
904814276.2,3.04,-1.22
904814276.2,3.04,-1.22
904814276.2,3.04,-1.22
904814276.3,3.04,-1.22
904814276.3,3.04,-1.23
904814276.3,3.03,-1.23
904814276.3,3.03,-1.23
904814276.3,3.03,-1.23
904814276.4,3.03,-1.22
904814276.4,3.04,-1.22
904814276.4,3.04,-1.22
904814276.4,3.04,-1.23
904814276.4,3.04,-1.23
904814276.5,3.04,-1.23
904814276.5,3.05,-1.23
904814276.5,3.05,-1.23
904814276.5,3.06,-1.23
904814276.5,3.05,-1.22
904814276.6,3.04,-1.21
904814276.6,3.05,-1.21
904814276.6,3.05,-1.21
904814276.6,3.04,-1.2
904814276.6,3.04,-1.2
904814276.7,3.04,-1.2
904814276.7,3.04,-1.22
904814276.7,3.05,-1.23
904814276.7,3.05,-1.23
904814276.7,3.05,-1.23
904814276.8,3.05,-1.22
904814276.8,3.05,-1.22
904814276.8,3.05,-1.21
904814276.8,3.05,-1.22
904814276.8,3.05,-1.22
904814276.9,3.05,-1.22
904814276.9,3.05,-1.22
904814276.9,3.04,-1.21
904814276.9,3.03,-1.2
904814276.9,3.03,-1.2
904814277,3.03,-1.2
904814277,3.05,-1.21
904814277,3.05,-1.22
904814277,3.04,-1.22
904814277,3.03,-1.22
904814277.1,3.03,-1.22
904814277.1,3.03,-1.23
904814277.1,3.03,-1.23
904814277.1,3.04,-1.23
904814277.1,3.04,-1.23
904814277.2,3.04,-1.22
904814277.2,3.03,-1.22
904814277.2,3.03,-1.22
904814277.2,3.04,-1.22
904814277.2,3.03,-1.22
904814277.3,3.02,-1.22
904814277.3,3.03,-1.22
904814277.3,3.03,-1.21
904814277.3,3.03,-1.21
904814277.3,3.05,-1.21
904814277.4,3.05,-1.2
904814277.4,3.04,-1.2
904814277.4,3.04,-1.2
904814277.4,3.03,-1.2
904814277.4,3.02,-1.2
904814277.5,3.03,-1.22
904814277.5,3.03,-1.22
904814277.5,3.04,-1.22
904814277.5,3.05,-1.21
904814277.5,3.06,-1.21
904814277.6,3.05,-1.2
904814277.6,3.05,-1.2
904814277.6,3.05,-1.21
904814277.6,3.05,-1.21
904814277.6,3.05,-1.22
904814277.7,3.05,-1.22
904814277.7,3.05,-1.22
904814277.7,3.04,-1.21
904814277.7,3.03,-1.22
904814277.7,3.03,-1.22
904814277.8,3.04,-1.23
904814277.8,3.05,-1.23
904814277.8,3.06,-1.23
904814277.8,3.06,-1.22
904814277.8,3.06,-1.23
904814277.9,3.06,-1.24
904814277.9,3.05,-1.24
904814277.9,3.05,-1.23
904814277.9,3.05,-1.23
904814277.9,3.06,-1.22
904814278,3.06,-1.21
904814278,3.05,-1.2
904814278,3.04,-1.2
904814278,3.04,-1.2
904814278,3.04,-1.21
904814278.1,3.05,-1.22
904814278.1,3.05,-1.23
904814278.1,3.05,-1.23
904814278.1,3.05,-1.22
904814278.1,3.05,-1.21
904814278.2,3.06,-1.21
904814278.2,3.06,-1.21
904814278.2,3.05,-1.21
904814278.2,3.05,-1.21
904814278.2,3.04,-1.22
904814278.3,3.03,-1.22
904814278.3,3.04,-1.22
904814278.3,3.04,-1.21
904814278.3,3.04,-1.2
904814278.3,3.04,-1.2
904814278.4,3.04,-1.2
904814278.4,3.03,-1.2
904814278.4,3.03,-1.21
904814278.4,3.03,-1.22
904814278.4,3.04,-1.22
904814278.5,3.04,-1.22
904814278.5,3.05,-1.23
904814278.5,3.05,-1.22
904814278.5,3.04,-1.22
904814278.5,3.05,-1.21
904814278.6,3.05,-1.21
904814278.6,3.04,-1.21
904814278.6,3.04,-1.21
904814278.6,3.04,-1.21
904814278.6,3.04,-1.2
904814278.7,3.04,-1.21
904814278.7,3.04,-1.21
904814278.7,3.05,-1.22
904814278.7,3.04,-1.22
904814278.7,3.05,-1.22
904814278.8,3.05,-1.22
904814278.8,3.05,-1.22
904814278.8,3.05,-1.22
904814278.8,3.05,-1.22
904814278.8,3.06,-1.22
904814278.9,3.05,-1.22
904814278.9,3.05,-1.23
904814278.9,3.05,-1.23
904814278.9,3.04,-1.23
904814278.9,3.04,-1.22
904814279,3.05,-1.22
904814279,3.05,-1.21
904814279,3.05,-1.21
904814279,3.06,-1.22
904814279,3.06,-1.22
904814279.1,3.05,-1.22
904814279.1,3.05,-1.21
904814279.1,3.05,-1.22
904814279.1,3.05,-1.23
904814279.1,3.05,-1.24
904814279.2,3.05,-1.24
904814279.2,3.04,-1.24
904814279.2,3.04,-1.24
904814279.2,3.06,-1.24
904814279.2,3.06,-1.24
904814279.3,3.07,-1.24
904814279.3,3.06,-1.24
904814279.3,3.06,-1.23
904814279.3,3.05,-1.22
904814279.3,3.04,-1.21
904814279.4,3.04,-1.22
904814279.4,3.04,-1.21
904814279.4,3.05,-1.22
904814279.4,3.05,-1.22
904814279.4,3.06,-1.23
904814279.5,3.06,-1.22
904814279.5,3.06,-1.23
904814279.5,3.06,-1.23
904814279.5,3.06,-1.22
904814279.5,3.05,-1.22
904814279.6,3.04,-1.22
904814279.6,3.03,-1.23
904814279.6,3.03,-1.23
904814279.6,3.03,-1.23
904814279.6,3.03,-1.22
904814279.7,3.04,-1.23
904814279.7,3.04,-1.23
904814279.7,3.04,-1.22
904814279.7,3.05,-1.22
904814279.7,3.05,-1.22
904814279.8,3.05,-1.22
904814279.8,3.05,-1.22
904814279.8,3.05,-1.23
904814279.8,3.04,-1.24
904814279.8,3.03,-1.24
904814279.9,3.02,-1.23
904814279.9,3.01,-1.22
904814279.9,3.02,-1.21
904814279.9,3.02,-1.21
904814279.9,3.03,-1.21
904814280,3.03,-1.21
904814280,3.04,-1.22
904814280,3.04,-1.22
904814280,3.04,-1.22
904814280,3.04,-1.22
904814280.1,3.04,-1.22
904814280.1,3.05,-1.22
904814280.1,3.04,-1.21
904814280.1,3.03,-1.21
904814280.1,3.03,-1.21
904814280.2,3.03,-1.21
904814280.2,3.02,-1.21
904814280.2,3.03,-1.22
904814280.2,3.04,-1.23
904814280.2,3.05,-1.24
904814280.3,3.05,-1.24
904814280.3,3.05,-1.23
904814280.3,3.06,-1.23
904814280.3,3.06,-1.22
904814280.3,3.05,-1.22
904814280.4,3.05,-1.21
904814280.4,3.05,-1.21
904814280.4,3.04,-1.21
904814280.4,3.05,-1.22
904814280.4,3.05,-1.23
904814280.5,3.05,-1.24
904814280.5,3.05,-1.23
904814280.5,3.06,-1.24
904814280.5,3.05,-1.24
904814280.5,3.05,-1.24
904814280.6,3.04,-1.23
904814280.6,3.04,-1.21
904814280.6,3.04,-1.2
904814280.6,3.05,-1.21
904814280.6,3.05,-1.21
904814280.7,3.05,-1.21
904814280.7,3.05,-1.21
904814280.7,3.05,-1.2
904814280.7,3.04,-1.2
904814280.7,3.04,-1.2
904814280.8,3.03,-1.21
904814280.8,3.02,-1.21
904814280.8,3.02,-1.22
904814280.8,3.03,-1.23
904814280.8,3.03,-1.23
904814280.9,3.03,-1.22
904814280.9,3.03,-1.22
904814280.9,3.03,-1.21
904814280.9,3.03,-1.21
904814280.9,3.04,-1.2
904814281,3.04,-1.2
904814281,3.04,-1.21
904814281,3.03,-1.22
904814281,3.03,-1.23
904814281,3.04,-1.23
904814281.1,3.05,-1.22
904814281.1,3.05,-1.22
904814281.1,3.06,-1.22
904814281.1,3.06,-1.22
904814281.1,3.05,-1.21
904814281.2,3.05,-1.21
904814281.2,3.04,-1.2
904814281.2,3.03,-1.19
904814281.2,3.02,-1.2
904814281.2,3.02,-1.2
904814281.3,3.03,-1.21
904814281.3,3.04,-1.22
904814281.3,3.05,-1.23
904814281.3,3.06,-1.22
904814281.3,3.06,-1.22
904814281.4,3.05,-1.22
904814281.4,3.06,-1.22
904814281.4,3.05,-1.22
904814281.4,3.05,-1.22
904814281.4,3.04,-1.22
904814281.5,3.04,-1.21
904814281.5,3.03,-1.22
904814281.5,3.03,-1.22
904814281.5,3.03,-1.21
904814281.5,3.03,-1.21
904814281.6,3.02,-1.2
904814281.6,3.02,-1.2
904814281.6,3.03,-1.21
904814281.6,3.03,-1.2
904814281.6,3.03,-1.2
904814281.7,3.03,-1.2
904814281.7,3.03,-1.2
904814281.7,3.02,-1.2
904814281.7,3.03,-1.21
904814281.7,3.03,-1.21
904814281.8,3.02,-1.22
904814281.8,3.02,-1.24
904814281.8,3.02,-1.24
904814281.8,3.03,-1.23
904814281.8,3.04,-1.22
904814281.9,3.04,-1.21
904814281.9,3.04,-1.21
904814281.9,3.04,-1.2
904814281.9,3.04,-1.2
904814281.9,3.04,-1.21
904814282,3.04,-1.21
904814282,3.04,-1.22
904814282,3.04,-1.22
904814282,3.04,-1.21
904814282,3.04,-1.2
904814282.1,3.04,-1.2
904814282.1,3.04,-1.2
904814282.1,3.04,-1.21
904814282.1,3.04,-1.22
904814282.1,3.04,-1.22
904814282.2,3.04,-1.22
904814282.2,3.04,-1.22
904814282.2,3.04,-1.22
904814282.2,3.04,-1.21
904814282.2,3.04,-1.21
904814282.3,3.05,-1.21
904814282.3,3.05,-1.2
904814282.3,3.05,-1.21
904814282.3,3.05,-1.21
904814282.3,3.04,-1.21
904814282.4,3.04,-1.21
904814282.4,3.03,-1.2
904814282.4,3.02,-1.2
904814282.4,3.02,-1.21
904814282.4,3.03,-1.21
904814282.5,3.04,-1.22
904814282.5,3.04,-1.22
904814282.5,3.05,-1.22
904814282.5,3.05,-1.22
904814282.5,3.04,-1.21
904814282.6,3.04,-1.22
904814282.6,3.04,-1.22
904814282.6,3.04,-1.22
904814282.6,3.04,-1.23
904814282.6,3.04,-1.23
904814282.7,3.04,-1.23
904814282.7,3.04,-1.22
904814282.7,3.05,-1.22
904814282.7,3.05,-1.22
904814282.7,3.05,-1.23
904814282.8,3.05,-1.23
904814282.8,3.05,-1.23
904814282.8,3.05,-1.23
904814282.8,3.05,-1.23
904814282.8,3.05,-1.22
904814282.9,3.05,-1.21
904814282.9,3.05,-1.21
904814282.9,3.05,-1.21
904814282.9,3.04,-1.2
904814282.9,3.04,-1.2
904814283,3.04,-1.2
904814283,3.04,-1.21
904814283,3.04,-1.23
904814283,3.04,-1.24
904814283,3.04,-1.24
904814283.1,3.04,-1.24
904814283.1,3.04,-1.22
904814283.1,3.05,-1.22
904814283.1,3.06,-1.22
904814283.1,3.06,-1.22
904814283.2,3.05,-1.23
904814283.2,3.05,-1.23
904814283.2,3.04,-1.22
904814283.2,3.04,-1.22
904814283.2,3.04,-1.22
904814283.3,3.04,-1.23
904814283.3,3.04,-1.23
904814283.3,3.04,-1.24
904814283.3,3.03,-1.23
904814283.3,3.04,-1.23
904814283.4,3.05,-1.22
904814283.4,3.05,-1.22
904814283.4,3.04,-1.22
904814283.4,3.05,-1.22
904814283.4,3.04,-1.22
904814283.5,3.03,-1.21
904814283.5,3.03,-1.21
904814283.5,3.03,-1.21
904814283.5,3.04,-1.21
904814283.5,3.03,-1.21
904814283.6,3.03,-1.22
904814283.6,3.03,-1.22
904814283.6,3.03,-1.21
904814283.6,3.03,-1.21
904814283.6,3.03,-1.21
904814283.7,3.03,-1.2
904814283.7,3.03,-1.19
904814283.7,3.02,-1.2
904814283.7,3.03,-1.2
904814283.7,3.03,-1.2
904814283.8,3.04,-1.21
904814283.8,3.05,-1.22
904814283.8,3.05,-1.22
904814283.8,3.05,-1.23
904814283.8,3.04,-1.24
904814283.9,3.03,-1.23
904814283.9,3.03,-1.23
904814283.9,3.03,-1.24
904814283.9,3.03,-1.24
904814283.9,3.03,-1.23
904814284,3.03,-1.23
904814284,3.02,-1.21
904814284,3.02,-1.21
904814284,3.02,-1.21
904814284,3.02,-1.21
904814284.1,3.03,-1.22
904814284.1,3.04,-1.22
904814284.1,3.04,-1.22
904814284.1,3.05,-1.23
904814284.1,3.05,-1.23
904814284.2,3.05,-1.22
904814284.2,3.05,-1.22
904814284.2,3.05,-1.22
904814284.2,3.04,-1.22
904814284.2,3.04,-1.22
904814284.3,3.04,-1.23
904814284.3,3.04,-1.23
904814284.3,3.05,-1.23
904814284.3,3.05,-1.22
904814284.3,3.05,-1.21
904814284.4,3.04,-1.21
904814284.4,3.04,-1.22
904814284.4,3.05,-1.23
904814284.4,3.05,-1.22
904814284.4,3.05,-1.22
904814284.5,3.04,-1.22
904814284.5,3.04,-1.23
904814284.5,3.04,-1.23
904814284.5,3.03,-1.23
904814284.5,3.03,-1.22
904814284.6,3.04,-1.22
904814284.6,3.04,-1.22
904814284.6,3.05,-1.22
904814284.6,3.05,-1.23
904814284.6,3.04,-1.23
904814284.7,3.04,-1.23
904814284.7,3.05,-1.22
904814284.7,3.05,-1.22
904814284.7,3.04,-1.21
904814284.7,3.05,-1.21
904814284.8,3.05,-1.22
904814284.8,3.05,-1.23
904814284.8,3.06,-1.24
904814284.8,3.05,-1.23
904814284.8,3.04,-1.23
904814284.9,3.04,-1.22
904814284.9,3.03,-1.21
904814284.9,3.03,-1.21
904814284.9,3.03,-1.21
904814284.9,3.02,-1.22
904814285,3.02,-1.22
904814285,3.03,-1.22
904814285,3.04,-1.21
904814285,3.06,-1.22
904814285,3.06,-1.22
904814285.1,3.07,-1.23
904814285.1,3.07,-1.22
904814285.1,3.06,-1.22
904814285.1,3.05,-1.22
904814285.1,3.05,-1.22
904814285.2,3.04,-1.23
904814285.2,3.05,-1.23
904814285.2,3.05,-1.22
904814285.2,3.04,-1.22
904814285.2,3.04,-1.21
904814285.3,3.04,-1.21
904814285.3,3.04,-1.21
904814285.3,3.04,-1.22
904814285.3,3.05,-1.22
904814285.3,3.05,-1.22
904814285.4,3.03,-1.22
904814285.4,3.03,-1.23
904814285.4,3.02,-1.23
904814285.4,3.02,-1.23
904814285.4,3.03,-1.23
904814285.5,3.04,-1.23
904814285.5,3.04,-1.23
904814285.5,3.05,-1.22
904814285.5,3.04,-1.22
904814285.5,3.04,-1.21
904814285.6,3.04,-1.21
904814285.6,3.04,-1.21
904814285.6,3.05,-1.21
904814285.6,3.05,-1.21
904814285.6,3.06,-1.21
904814285.7,3.06,-1.21
904814285.7,3.06,-1.21
904814285.7,3.07,-1.22
904814285.7,3.07,-1.22
904814285.7,3.07,-1.23
904814285.8,3.08,-1.23
904814285.8,3.07,-1.24
904814285.8,3.06,-1.24
904814285.8,3.05,-1.23
904814285.8,3.04,-1.22
904814285.9,3.04,-1.22
904814285.9,3.05,-1.22
904814285.9,3.05,-1.23
904814285.9,3.06,-1.23
904814285.9,3.06,-1.22
904814286,3.05,-1.22
904814286,3.05,-1.21
904814286,3.04,-1.2
904814286,3.04,-1.2
904814286,3.05,-1.21
904814286.1,3.05,-1.21
904814286.1,3.05,-1.22
904814286.1,3.05,-1.23
904814286.1,3.05,-1.23
904814286.1,3.04,-1.23
904814286.2,3.04,-1.23
904814286.2,3.04,-1.23
904814286.2,3.03,-1.23
904814286.2,3.03,-1.23
904814286.2,3.03,-1.24
904814286.3,3.03,-1.24
904814286.3,3.04,-1.25
904814286.3,3.03,-1.24
904814286.3,3.03,-1.24
904814286.3,3.04,-1.24
904814286.4,3.04,-1.24
904814286.4,3.05,-1.24
904814286.4,3.06,-1.24
904814286.4,3.06,-1.24
904814286.4,3.05,-1.24
904814286.5,3.05,-1.24
904814286.5,3.04,-1.23
904814286.5,3.04,-1.23
904814286.5,3.04,-1.23
904814286.5,3.04,-1.22
904814286.6,3.04,-1.22
904814286.6,3.04,-1.22
904814286.6,3.05,-1.23
904814286.6,3.05,-1.23
904814286.6,3.05,-1.24
904814286.7,3.04,-1.24
904814286.7,3.04,-1.24
904814286.7,3.04,-1.23
904814286.7,3.05,-1.23
904814286.7,3.05,-1.22
904814286.8,3.05,-1.23
904814286.8,3.06,-1.23
904814286.8,3.06,-1.23
904814286.8,3.06,-1.22
904814286.8,3.06,-1.22
904814286.9,3.06,-1.21
904814286.9,3.05,-1.2
904814286.9,3.05,-1.2
904814286.9,3.04,-1.2
904814286.9,3.04,-1.2
904814287,3.04,-1.22
904814287,3.05,-1.22
904814287,3.06,-1.22
904814287,3.07,-1.22
904814287,3.06,-1.22
904814287.1,3.05,-1.23
904814287.1,3.04,-1.23
904814287.1,3.02,-1.24
904814287.1,3.02,-1.23
904814287.1,3.02,-1.23
904814287.2,3.03,-1.23
904814287.2,3.03,-1.21
904814287.2,3.04,-1.21
904814287.2,3.04,-1.23
904814287.2,3.05,-1.23
904814287.3,3.06,-1.23
904814287.3,3.06,-1.22
904814287.3,3.06,-1.22
904814287.3,3.06,-1.21
904814287.3,3.06,-1.21
904814287.4,3.06,-1.22
904814287.4,3.05,-1.23
904814287.4,3.05,-1.23
904814287.4,3.05,-1.23
904814287.4,3.05,-1.23
904814287.5,3.05,-1.23
904814287.5,3.05,-1.23
904814287.5,3.04,-1.23
904814287.5,3.04,-1.24
904814287.5,3.05,-1.24
904814287.6,3.05,-1.24
904814287.6,3.06,-1.24
904814287.6,3.06,-1.23
904814287.6,3.05,-1.23
904814287.6,3.06,-1.23
904814287.7,3.05,-1.23
904814287.7,3.05,-1.23
904814287.7,3.04,-1.23
904814287.7,3.04,-1.23
904814287.7,3.03,-1.23
904814287.8,3.04,-1.23
904814287.8,3.04,-1.24
904814287.8,3.05,-1.25
904814287.8,3.05,-1.25
904814287.8,3.05,-1.25
904814287.9,3.05,-1.25
904814287.9,3.05,-1.25
904814287.9,3.06,-1.25
904814287.9,3.06,-1.25
904814287.9,3.06,-1.24
904814288,3.05,-1.24
904814288,3.04,-1.24
904814288,3.04,-1.23
904814288,3.03,-1.23
904814288,3.04,-1.24
904814288.1,3.04,-1.24
904814288.1,3.05,-1.24
904814288.1,3.05,-1.24
904814288.1,3.06,-1.24
904814288.1,3.06,-1.23
904814288.2,3.06,-1.22
904814288.2,3.05,-1.21
904814288.2,3.05,-1.21
904814288.2,3.05,-1.22
904814288.2,3.05,-1.23
904814288.3,3.05,-1.23
904814288.3,3.04,-1.22
904814288.3,3.04,-1.22
904814288.3,3.04,-1.21
904814288.3,3.04,-1.21
904814288.4,3.04,-1.21
904814288.4,3.05,-1.23
904814288.4,3.05,-1.23
904814288.4,3.04,-1.23
904814288.4,3.03,-1.22
904814288.5,3.03,-1.22
904814288.5,3.03,-1.22
904814288.5,3.05,-1.23
904814288.5,3.06,-1.23
904814288.5,3.06,-1.24
904814288.6,3.05,-1.24
904814288.6,3.05,-1.23
904814288.6,3.05,-1.23
904814288.6,3.05,-1.23
904814288.6,3.05,-1.23
904814288.7,3.05,-1.23
904814288.7,3.05,-1.24
904814288.7,3.05,-1.23
904814288.7,3.05,-1.22
904814288.7,3.05,-1.22
904814288.8,3.05,-1.22
904814288.8,3.05,-1.23
904814288.8,3.05,-1.24
904814288.8,3.05,-1.25
904814288.8,3.05,-1.25
904814288.9,3.05,-1.24
904814288.9,3.05,-1.24
904814288.9,3.06,-1.23
904814288.9,3.06,-1.22
904814288.9,3.06,-1.21
904814289,3.04,-1.21
904814289,3.03,-1.22
904814289,3.02,-1.22
904814289,3.02,-1.22
904814289,3.03,-1.21
904814289.1,3.04,-1.21
904814289.1,3.05,-1.22
904814289.1,3.05,-1.23
904814289.1,3.05,-1.24
904814289.1,3.06,-1.23
904814289.2,3.06,-1.22
904814289.2,3.05,-1.22
904814289.2,3.05,-1.21
904814289.2,3.04,-1.21
904814289.2,3.03,-1.21
904814289.3,3.03,-1.22
904814289.3,3.03,-1.23
904814289.3,3.04,-1.23
904814289.3,3.04,-1.23
904814289.3,3.03,-1.22
904814289.4,3.03,-1.22
904814289.4,3.03,-1.21
904814289.4,3.03,-1.21
904814289.4,3.04,-1.22
904814289.4,3.04,-1.23
904814289.5,3.05,-1.24
904814289.5,3.06,-1.25
904814289.5,3.06,-1.24
904814289.5,3.06,-1.23
904814289.5,3.04,-1.22
904814289.6,3.03,-1.21
904814289.6,3.02,-1.22
904814289.6,3.03,-1.22
904814289.6,3.02,-1.22
904814289.6,3.03,-1.22
904814289.7,3.02,-1.22
904814289.7,3.02,-1.21
904814289.7,3.02,-1.22
904814289.7,3.03,-1.22
904814289.7,3.03,-1.23
904814289.8,3.03,-1.23
904814289.8,3.03,-1.23
904814289.8,3.04,-1.23
904814289.8,3.04,-1.24
904814289.8,3.05,-1.24
904814289.9,3.05,-1.24
904814289.9,3.05,-1.23
904814289.9,3.04,-1.23
904814289.9,3.04,-1.22
904814289.9,3.04,-1.22
904814290,3.04,-1.23
904814290,3.03,-1.24
904814290,3.03,-1.24
904814290,3.04,-1.23
904814290,3.04,-1.23
904814290.1,3.04,-1.22
904814290.1,3.04,-1.22
904814290.1,3.05,-1.23
904814290.1,3.05,-1.23
904814290.1,3.05,-1.24
904814290.2,3.04,-1.24
904814290.2,3.03,-1.24
904814290.2,3.02,-1.23
904814290.2,3.03,-1.23
904814290.2,3.03,-1.23
904814290.3,3.03,-1.22
904814290.3,3.03,-1.23
904814290.3,3.03,-1.23
904814290.3,3.04,-1.22
904814290.3,3.04,-1.22
904814290.4,3.04,-1.22
904814290.4,3.04,-1.22
904814290.4,3.05,-1.23
904814290.4,3.06,-1.23
904814290.4,3.06,-1.23
904814290.5,3.07,-1.23
904814290.5,3.06,-1.23
904814290.5,3.05,-1.23
904814290.5,3.04,-1.23
904814290.5,3.03,-1.23
904814290.6,3.02,-1.23
904814290.6,3.02,-1.23
904814290.6,3.02,-1.22
904814290.6,3.03,-1.21
904814290.6,3.03,-1.21
904814290.7,3.03,-1.2
904814290.7,3.03,-1.2
904814290.7,3.03,-1.21
904814290.7,3.04,-1.22
904814290.7,3.03,-1.23
904814290.8,3.04,-1.24
904814290.8,3.04,-1.23
904814290.8,3.04,-1.23
904814290.8,3.04,-1.23
904814290.8,3.04,-1.23
904814290.9,3.04,-1.22
904814290.9,3.04,-1.23
904814290.9,3.04,-1.23
904814290.9,3.04,-1.22
904814290.9,3.03,-1.22
904814291,3.03,-1.22
904814291,3.03,-1.22
904814291,3.03,-1.22
904814291,3.03,-1.24
904814291,3.03,-1.24
904814291.1,3.03,-1.24
904814291.1,3.02,-1.23
904814291.1,3.02,-1.23
904814291.1,3.03,-1.23
904814291.1,3.04,-1.23
904814291.2,3.05,-1.23
904814291.2,3.06,-1.23
904814291.2,3.06,-1.23
904814291.2,3.06,-1.23
904814291.2,3.06,-1.22
904814291.3,3.05,-1.23
904814291.3,3.06,-1.22
904814291.3,3.06,-1.23
904814291.3,3.05,-1.23
904814291.3,3.05,-1.22
904814291.4,3.04,-1.21
904814291.4,3.04,-1.21
904814291.4,3.04,-1.21
904814291.4,3.04,-1.21
904814291.4,3.04,-1.22
904814291.5,3.04,-1.21
904814291.5,3.04,-1.21
904814291.5,3.03,-1.22
904814291.5,3.03,-1.23
904814291.5,3.03,-1.23
904814291.6,3.04,-1.23
904814291.6,3.06,-1.24
904814291.6,3.06,-1.23
904814291.6,3.04,-1.22
904814291.6,3.04,-1.22
904814291.7,3.03,-1.22
904814291.7,3.03,-1.21
904814291.7,3.04,-1.21
904814291.7,3.04,-1.22
904814291.7,3.03,-1.21
904814291.8,3.03,-1.21
904814291.8,3.03,-1.21
904814291.8,3.03,-1.22
904814291.8,3.03,-1.22
904814291.8,3.04,-1.23
904814291.9,3.04,-1.22
904814291.9,3.05,-1.21
904814291.9,3.05,-1.21
904814291.9,3.05,-1.21
904814291.9,3.06,-1.21
904814292,3.06,-1.21
904814292,3.06,-1.22
904814292,3.05,-1.22
904814292,3.04,-1.22
904814292,3.03,-1.22
904814292.1,3.03,-1.22
904814292.1,3.03,-1.22
904814292.1,3.04,-1.22
904814292.1,3.04,-1.21
904814292.1,3.05,-1.2
904814292.2,3.04,-1.2
904814292.2,3.05,-1.2
904814292.2,3.05,-1.21
904814292.2,3.05,-1.22
904814292.2,3.05,-1.22
904814292.3,3.05,-1.21
904814292.3,3.05,-1.21
904814292.3,3.05,-1.21
904814292.3,3.06,-1.21
904814292.3,3.06,-1.2
904814292.4,3.06,-1.2
904814292.4,3.06,-1.21
904814292.4,3.05,-1.2
904814292.4,3.04,-1.2
904814292.4,3.04,-1.19
904814292.5,3.04,-1.2
904814292.5,3.05,-1.2
904814292.5,3.05,-1.2
904814292.5,3.06,-1.21
904814292.5,3.05,-1.21
904814292.6,3.06,-1.22
904814292.6,3.06,-1.21
904814292.6,3.06,-1.21
904814292.6,3.05,-1.2
904814292.6,3.04,-1.2
904814292.7,3.03,-1.2
904814292.7,3.02,-1.2
904814292.7,3.03,-1.2
904814292.7,3.03,-1.2
904814292.7,3.04,-1.2
904814292.8,3.05,-1.21
904814292.8,3.05,-1.22
904814292.8,3.05,-1.22
904814292.8,3.04,-1.22
904814292.8,3.04,-1.22
904814292.9,3.04,-1.21
904814292.9,3.05,-1.21
904814292.9,3.06,-1.22
904814292.9,3.06,-1.22
904814292.9,3.06,-1.21
904814293,3.06,-1.21
904814293,3.04,-1.2
904814293,3.04,-1.21
904814293,3.03,-1.21
904814293,3.03,-1.22
904814293.1,3.04,-1.22
904814293.1,3.05,-1.22
904814293.1,3.06,-1.23
904814293.1,3.06,-1.23
904814293.1,3.06,-1.23
904814293.2,3.06,-1.23
904814293.2,3.06,-1.23
904814293.2,3.06,-1.22
904814293.2,3.07,-1.21
904814293.2,3.06,-1.21
904814293.3,3.06,-1.21
904814293.3,3.06,-1.22
904814293.3,3.06,-1.23
904814293.3,3.05,-1.22
904814293.3,3.05,-1.21
904814293.4,3.04,-1.19
904814293.4,3.04,-1.19
904814293.4,3.03,-1.19
904814293.4,3.04,-1.19
904814293.4,3.04,-1.2
904814293.5,3.05,-1.21
904814293.5,3.05,-1.22
904814293.5,3.05,-1.22
904814293.5,3.04,-1.23
904814293.5,3.05,-1.22
904814293.6,3.05,-1.22
904814293.6,3.05,-1.21
904814293.6,3.04,-1.21
904814293.6,3.04,-1.21
904814293.6,3.05,-1.21
904814293.7,3.06,-1.21
904814293.7,3.07,-1.22
904814293.7,3.07,-1.21
904814293.7,3.06,-1.21
904814293.7,3.05,-1.22
904814293.8,3.04,-1.22
904814293.8,3.03,-1.22
904814293.8,3.03,-1.23
904814293.8,3.03,-1.23
904814293.8,3.04,-1.23
904814293.9,3.04,-1.22
904814293.9,3.04,-1.22
904814293.9,3.04,-1.21
904814293.9,3.05,-1.21
904814293.9,3.06,-1.21
904814294,3.06,-1.22
904814294,3.06,-1.23
904814294,3.06,-1.23
904814294,3.05,-1.24
904814294,3.05,-1.24
904814294.1,3.04,-1.25
904814294.1,3.04,-1.23
904814294.1,3.04,-1.22
904814294.1,3.04,-1.21
904814294.1,3.05,-1.21
904814294.2,3.06,-1.21
904814294.2,3.06,-1.21
904814294.2,3.06,-1.22
904814294.2,3.05,-1.22
904814294.2,3.04,-1.22
904814294.3,3.03,-1.22
904814294.3,3.03,-1.21
904814294.3,3.04,-1.21
904814294.3,3.04,-1.22
904814294.3,3.05,-1.22
904814294.4,3.04,-1.24
904814294.4,3.04,-1.25
904814294.4,3.04,-1.24
904814294.4,3.04,-1.23
904814294.4,3.06,-1.22
904814294.5,3.07,-1.21
904814294.5,3.07,-1.22
904814294.5,3.06,-1.22
904814294.5,3.05,-1.23
904814294.5,3.05,-1.22
904814294.6,3.05,-1.22
904814294.6,3.05,-1.21
904814294.6,3.06,-1.21
904814294.6,3.06,-1.21
904814294.6,3.05,-1.21
904814294.7,3.05,-1.21
904814294.7,3.06,-1.21
904814294.7,3.06,-1.21
904814294.7,3.06,-1.21
904814294.7,3.06,-1.21
904814294.8,3.06,-1.22
904814294.8,3.06,-1.21
904814294.8,3.06,-1.21
904814294.8,3.06,-1.21
904814294.8,3.06,-1.21
904814294.9,3.06,-1.21
904814294.9,3.06,-1.21
904814294.9,3.05,-1.21
904814294.9,3.05,-1.2
904814294.9,3.05,-1.21
904814295,3.06,-1.22
904814295,3.06,-1.22
904814295,3.06,-1.23
904814295,3.06,-1.23
904814295,3.06,-1.22
904814295.1,3.06,-1.2
904814295.1,3.06,-1.2
904814295.1,3.05,-1.2
904814295.1,3.05,-1.21
904814295.1,3.04,-1.22
904814295.2,3.05,-1.22
904814295.2,3.06,-1.22
904814295.2,3.06,-1.22
904814295.2,3.06,-1.22
904814295.2,3.05,-1.22
904814295.3,3.05,-1.22
904814295.3,3.05,-1.22
904814295.3,3.06,-1.21
904814295.3,3.06,-1.22
904814295.3,3.06,-1.22
904814295.4,3.05,-1.22
904814295.4,3.06,-1.22
904814295.4,3.06,-1.21
904814295.4,3.05,-1.21
904814295.4,3.05,-1.21
904814295.5,3.05,-1.21
904814295.5,3.06,-1.22
904814295.5,3.06,-1.23
904814295.5,3.07,-1.23
904814295.5,3.07,-1.23
904814295.6,3.07,-1.22
904814295.6,3.07,-1.22
904814295.6,3.06,-1.22
904814295.6,3.06,-1.22
904814295.6,3.06,-1.22
904814295.7,3.05,-1.22
904814295.7,3.05,-1.22
904814295.7,3.06,-1.22
904814295.7,3.06,-1.22
904814295.7,3.06,-1.22
904814295.8,3.05,-1.22
904814295.8,3.05,-1.21
904814295.8,3.05,-1.21
904814295.8,3.05,-1.21
904814295.8,3.05,-1.22
904814295.9,3.06,-1.23
904814295.9,3.06,-1.23
904814295.9,3.06,-1.23
904814295.9,3.05,-1.22
904814295.9,3.05,-1.21
904814296,3.05,-1.21
904814296,3.06,-1.2
904814296,3.06,-1.2
904814296,3.06,-1.21
904814296,3.06,-1.22
904814296.1,3.06,-1.23
904814296.1,3.05,-1.23
904814296.1,3.05,-1.23
904814296.1,3.04,-1.23
904814296.1,3.04,-1.23
904814296.2,3.06,-1.22
904814296.2,3.06,-1.22
904814296.2,3.05,-1.21
904814296.2,3.04,-1.2
904814296.2,3.04,-1.2
904814296.3,3.04,-1.2
904814296.3,3.04,-1.2
904814296.3,3.06,-1.21
904814296.3,3.06,-1.22
904814296.3,3.06,-1.22
904814296.4,3.05,-1.21
904814296.4,3.05,-1.21
904814296.4,3.03,-1.21
904814296.4,3.03,-1.21
904814296.4,3.03,-1.21
904814296.5,3.03,-1.2
904814296.5,3.04,-1.2
904814296.5,3.04,-1.2
904814296.5,3.05,-1.2
904814296.5,3.06,-1.2
904814296.6,3.06,-1.2
904814296.6,3.06,-1.19
904814296.6,3.05,-1.19
904814296.6,3.05,-1.2
904814296.6,3.05,-1.21
904814296.7,3.06,-1.23
904814296.7,3.06,-1.24
904814296.7,3.06,-1.24
904814296.7,3.07,-1.24
904814296.7,3.07,-1.23
904814296.8,3.06,-1.22
904814296.8,3.06,-1.22
904814296.8,3.06,-1.22
904814296.8,3.06,-1.23
904814296.8,3.06,-1.23
904814296.9,3.05,-1.23
904814296.9,3.06,-1.23
904814296.9,3.06,-1.23
904814296.9,3.06,-1.23
904814296.9,3.06,-1.23
904814297,3.06,-1.23
904814297,3.06,-1.23
904814297,3.05,-1.22
904814297,3.04,-1.21
904814297,3.04,-1.21
904814297.1,3.04,-1.21
904814297.1,3.04,-1.23
904814297.1,3.05,-1.23
904814297.1,3.05,-1.22
904814297.1,3.05,-1.2
904814297.2,3.04,-1.18
904814297.2,3.05,-1.18
904814297.2,3.06,-1.19
904814297.2,3.06,-1.2
904814297.3,3.06,-1.21
904814297.3,3.06,-1.22
904814297.3,3.05,-1.22
904814297.3,3.05,-1.21
904814297.3,3.05,-1.21
904814297.4,3.05,-1.2
904814297.4,3.06,-1.21
904814297.4,3.06,-1.21
904814297.4,3.05,-1.21
904814297.4,3.04,-1.21
904814297.5,3.04,-1.21
904814297.5,3.04,-1.21
904814297.5,3.05,-1.21
904814297.5,3.05,-1.22
904814297.5,3.06,-1.21
904814297.6,3.06,-1.21
904814297.6,3.05,-1.2
904814297.6,3.06,-1.2
904814297.6,3.06,-1.21
904814297.6,3.06,-1.22
904814297.7,3.06,-1.22
904814297.7,3.05,-1.22
904814297.7,3.05,-1.22
904814297.7,3.05,-1.21
904814297.7,3.05,-1.22
904814297.8,3.05,-1.22
904814297.8,3.05,-1.21
904814297.8,3.05,-1.21
904814297.8,3.05,-1.21
904814297.8,3.04,-1.21
904814297.9,3.05,-1.22
904814297.9,3.05,-1.22
904814297.9,3.05,-1.21
904814297.9,3.05,-1.21
904814297.9,3.05,-1.21
904814298,3.05,-1.21
904814298,3.05,-1.2
904814298,3.05,-1.2
904814298,3.05,-1.19
904814298,3.04,-1.19
904814298.1,3.04,-1.21
904814298.1,3.05,-1.22
904814298.1,3.06,-1.23
904814298.1,3.06,-1.23
904814298.1,3.05,-1.21
904814298.2,3.06,-1.2
904814298.2,3.06,-1.21
904814298.2,3.06,-1.21
904814298.2,3.06,-1.21
904814298.2,3.06,-1.21
904814298.3,3.05,-1.22
904814298.3,3.06,-1.21
904814298.3,3.06,-1.22
904814298.3,3.05,-1.22
904814298.3,3.05,-1.22
904814298.4,3.05,-1.22
904814298.4,3.05,-1.21
904814298.4,3.04,-1.2
904814298.4,3.05,-1.2
904814298.4,3.04,-1.2
904814298.5,3.05,-1.22
904814298.5,3.05,-1.22
904814298.5,3.06,-1.24
904814298.5,3.06,-1.24
904814298.5,3.06,-1.24
904814298.6,3.06,-1.24
904814298.6,3.06,-1.24
904814298.6,3.06,-1.23
904814298.6,3.06,-1.23
904814298.6,3.05,-1.22
904814298.7,3.05,-1.21
904814298.7,3.04,-1.2
904814298.7,3.04,-1.19
