1.109931e-019.673206e-028.814067e-029.157940e-028.152164e-026.567867e-027.227040e-025.950272e-024.371523e-021.856201e-024.307266e-03-1.245242e-03-6.247381e-04-1.495909e-02-2.371757e-02-1.994351e-02-3.421633e-02-4.846399e-02-1.580343e-01-1.682475e-01-1.809099e-01-1.768811e-01-1.867851e-01-2.054403e-01-1.958683e-01-2.101162e-01-2.243445e-011.485519e-011.441003e-011.195401e-011.322750e-011.213896e-011.024887e-011.162653e-011.020302e-018.658732e-020.1110	0.0186	-0.1580	0.1486	
0.0916	-0.0006	-0.1769	0.1323	
0.0723	-0.0199	-0.1959	0.1163	

0.0967	0.0043	-0.1682	0.1441	
0.0815	-0.0150	-0.1868	0.1214	
0.0595	-0.0342	-0.2101	0.1020	

0.0881	-0.0012	-0.1809	0.1195	
0.0657	-0.0237	-0.2054	0.1025	
0.0437	-0.0485	-0.2243	0.0866	

